,load,alloc,reward,sigma,event_start_time,event_end_time
1650178595.598797,39.857051849365234,29.0,0.0,0.5,1650178595.598797,1650178608.243987
1650178608.3710105,47.982765197753906,29.0,0.5725388526916504,0.359907865524292,1650178608.3710105,1650178618.395443
1650178618.722757,48.106346130371094,29.0,0.8641618490219116,0.26880165934562683,1650178618.722757,1650178635.0199838
1650178635.297845,45.21818923950195,29.0,0.19685038924217224,0.2371560037136078,1650178635.297845,1650178656.9484236
1650178657.3938816,48.65901565551758,29.0,1.0,0.30860671401023865,1650178657.3938816,1650178670.423327
1650178670.6503897,44.21515655517578,29.0,0.20727673172950745,0.23479095101356506,1650178670.6503897,1650178692.8599675
1650178692.9501736,39.83015060424805,29.0,0.6938775777816772,0.33671751618385315,1650178692.9501736,1650178706.5077422
1650178706.6761777,42.034934997558594,29.0,1.0,0.35311228036880493,1650178706.6761777,1650178718.2617786
1650178718.5317445,38.62504196166992,29.0,0.75,0.2578553259372711,1650178718.5317445,1650178739.5802662
1650178786.3666558,38.94485855102539,83.0,0.32862645387649536,0.2533473074436188,1650178786.3666558,1650178808.3207743
1650178808.5037124,36.69533157348633,83.0,0.6963562965393066,0.3181423842906952,1650178808.5037124,1650178824.0097728
1650178824.1541994,42.546287536621094,83.0,0.3842173218727112,0.2543286383152008,1650178824.1541994,1650178844.3439748
1650178844.686444,41.80796813964844,83.0,0.846394956111908,0.22857515513896942,1650178844.686444,1650178869.4664104
1650178869.7113652,38.9036865234375,83.0,0.3630640208721161,0.22905436158180237,1650178869.7113652,1650178896.6239824
1650178912.927062,36.38322067260742,30.0,1.0,0.36961063742637634,1650178912.927062,1650178925.0480337
1650178925.2359936,37.404720306396484,30.0,0.6348227858543396,0.2775636911392212,1650178925.2359936,1650178944.6185744
1650178944.8699026,41.978790283203125,30.0,1.0,0.3834824860095978,1650178944.8699026,1650178955.2561
1650178955.4254856,42.301719665527344,30.0,0.478723406791687,0.2977456748485565,1650178955.4254856,1650178970.6258135
1650178970.9273129,42.32329559326172,30.0,0.20134228467941284,0.23649188876152039,1650178970.9273129,1650178994.4131968
1650178994.8800807,40.31060028076172,30.0,0.9831546545028687,0.2767122685909271,1650178994.8800807,1650179013.1879196
1650179013.394261,37.88679885864258,30.0,0.5483871102333069,0.3394221067428589,1650179013.394261,1650179027.1457527
1650179027.4115016,41.216182708740234,30.0,0.5625,0.30316951870918274,1650179027.4115016,1650179042.6239724
1650179042.822643,37.551265716552734,30.0,1.0,0.3137279152870178,1650179042.822643,1650179058.4279764
1650179075.483578,39.47218322753906,8.0,1.0,0.38691163063049316,1650179075.483578,1650179085.8959744
1650179085.9627655,39.475318908691406,8.0,0.0696864128112793,0.29514065384864807,1650179085.9627655,1650179103.9993515
1650179104.1473193,36.723358154296875,8.0,0.16148148477077484,0.27216553688049316,1650179104.1473193,1650179126.7759697
1650179127.1829562,36.38908767700195,8.0,0.32258063554763794,0.32791292667388916,1650179127.1829562,1650179142.1599734
1650179142.2932699,42.703941345214844,8.0,0.15658915042877197,0.278423011302948,1650179142.2932699,1650179161.1439888
1650179161.6104906,39.645713806152344,8.0,0.15749235451221466,0.2765006422996521,1650179161.6104906,1650179184.664686
1650179185.070424,42.66425323486328,8.0,0.06946983188390732,0.30233702063560486,1650179185.070424,1650179200.375978
1650179200.603405,39.41156768798828,8.0,0.10823909193277359,0.284210205078125,1650179200.603405,1650179222.8050091
1650179236.930749,38.433597564697266,16.0,0.45667868852615356,0.300420880317688,1650179236.930749,1650179253.2445998
1650179253.4627037,39.13034439086914,16.0,0.20143884420394897,0.24485105276107788,1650179253.4627037,1650179276.692758
1650179276.9918375,38.05256652832031,16.0,1.0,0.3406013548374176,1650179276.9918375,1650179290.446909
1650179290.6957512,36.48495864868164,16.0,0.4112149477005005,0.3057089149951935,1650179290.6957512,1650179307.2231095
1650179307.4511554,42.039894104003906,16.0,0.32478633522987366,0.24708311259746552,1650179307.4511554,1650179328.6215231
1650179328.8204503,36.796695709228516,16.0,0.32100239396095276,0.24426598846912384,1650179328.8204503,1650179354.012929
1650179354.3790965,37.22572326660156,16.0,0.3994845449924469,0.2538365423679352,1650179354.3790965,1650179377.2127702
1650179404.7543948,39.00154113769531,8.0,0.06960950791835785,0.29135826230049133,1650179404.7543948,1650179423.5741637
1650179423.8933985,39.458797454833984,8.0,0.16641679406166077,0.2737928330898285,1650179423.8933985,1650179444.8519702
1650179445.1932755,37.650634765625,8.0,0.09401709586381912,0.29235267639160156,1650179445.1932755,1650179467.450537
1650179467.6952188,41.00783157348633,8.0,0.31550800800323486,0.29854071140289307,1650179467.6952188,1650179483.5702348
1650179483.9302225,39.56167221069336,8.0,0.06985294073820114,0.30316951870918274,1650179483.9302225,1650179504.0759833
1650179504.4640126,40.76118469238281,8.0,0.125,0.29260286688804626,1650179504.4640126,1650179520.999351
1650179521.3732772,41.11286544799805,8.0,0.4430147111415863,0.30316951870918274,1650179521.3732772,1650179536.623978
1650179566.1179152,38.555904388427734,29.0,0.5692963600158691,0.32651156187057495,1650179566.1179152,1650179580.3310432
1650179580.5431406,37.77693557739258,29.0,0.3328445851802826,0.27076518535614014,1650179580.5431406,1650179600.3965237
1650179600.7850225,38.28803634643555,29.0,0.4498480260372162,0.2756589353084564,1650179600.7850225,1650179620.0599728
1650179620.25174,37.51567459106445,29.0,0.7903226017951965,0.27076518535614014,1650179620.25174,1650179640.4566276
1650179640.7256436,37.24739456176758,29.0,0.5536547303199768,0.27885568141937256,1650179640.7256436,1650179660.4317203
1650179660.6080558,34.83872985839844,29.0,0.7698630094528198,0.37011659145355225,1650179660.6080558,1650179673.008048
1650179673.319497,39.47804641723633,29.0,1.0,0.31311213970184326,1650179673.319497,1650179688.61914
1650179689.0452805,39.78667449951172,29.0,0.5270457863807678,0.2633403241634369,1650179689.0452805,1650179709.0519798
1650179709.3351798,39.5846061706543,29.0,0.36680054664611816,0.2587168514728546,1650179709.3351798,1650179730.4039767
1650179730.6318007,42.655845642089844,29.0,0.5511550903320312,0.28724250197410583,1650179730.6318007,1650179747.135986
1650179747.6558313,40.88410949707031,29.0,0.8234463334083557,0.2657470107078552,1650179747.6558313,1650179766.9542828
1650179767.1400445,35.68891143798828,29.0,1.0,0.3910309374332428,1650179767.1400445,1650179778.3199875
1650179778.4408314,36.95846939086914,29.0,1.0,0.2969569265842438,1650179778.4408314,1650179795.946967
1650179796.1752384,36.7900276184082,29.0,0.5844155550003052,0.3289758563041687,1650179796.1752384,1650179811.1521223
1650179811.5513556,37.39503860473633,29.0,0.7729730010032654,0.2599376142024994,1650179811.5513556,1650179833.2119832
1650179833.4160397,38.65894317626953,29.0,1.0,0.37319669127464294,1650179833.4160397,1650179844.461349
1650179844.6591477,37.575531005859375,29.0,1.0,0.3417929708957672,1650179844.6591477,1650179858.0721314
1650179870.820252,39.280460357666016,19.0,0.47118642926216125,0.2911112606525421,1650179870.820252,1650179887.8007054
1650179887.919594,38.19657897949219,19.0,0.7562189102172852,0.352672815322876,1650179887.919594,1650179900.4599838
1650179900.7098155,40.68398666381836,19.0,1.0,0.3234231173992157,1650179900.7098155,1650179914.6219237
1650179914.8792892,40.00459289550781,19.0,0.8589211702346802,0.32207831740379333,1650179914.8792892,1650179928.9526732
1650179929.1627471,36.54604721069336,19.0,1.0,0.3191128373146057,1650179929.1627471,1650179944.9784114
1650179945.1698515,35.27983093261719,19.0,0.655086874961853,0.35223498940467834,1650179945.1698515,1650179959.0871518
1650179959.2388456,36.415748596191406,19.0,0.6051282286643982,0.35805743932724,1650179959.2388456,1650179972.1178887
1650179972.3151343,35.78664016723633,19.0,1.0,0.32308533787727356,1650179972.3151343,1650179987.8237152
1650179987.9699006,35.4322509765625,19.0,0.7407407164573669,0.36369648575782776,1650179987.9699006,1650180000.8959777
1650180001.086374,37.177310943603516,19.0,1.0,0.37796446681022644,1650180001.086374,1650180012.6256707
1650180012.7531517,37.3171501159668,19.0,1.0,0.31559720635414124,1650180012.7531517,1650180028.1348188
1650180052.7987225,33.70787048339844,60.0,0.6917562484741211,0.4233337640762329,1650180052.7987225,1650180063.0337207
1650180063.2836204,39.53378677368164,60.0,1.0,0.33981382846832275,1650180063.2836204,1650180076.4369261
1650180076.6290534,38.873111724853516,60.0,0.3913043439388275,0.3009646236896515,1650180076.6290534,1650180092.6298306
1650180092.755845,39.934696197509766,60.0,1.0,0.3834824860095978,1650180092.755845,1650180103.8990371
1650180104.0955455,37.02669143676758,60.0,0.4806034564971924,0.32826608419418335,1650180104.0955455,1650180118.6526115
1650180118.8928075,37.40180206298828,60.0,0.5392781496047974,0.32581761479377747,1650180118.8928075,1650180133.678192
1650180133.8069499,39.922019958496094,60.0,0.9381720423698425,0.3666177988052368,1650180133.8069499,1650180145.103973
1650180145.3674693,38.4600944519043,60.0,0.9954751133918762,0.3363364040851593,1650180145.3674693,1650180158.8359754
1650180158.9971113,36.73326873779297,60.0,1.0,0.3458572328090668,1650180158.9971113,1650180172.6359742
1650180187.1294312,36.266544342041016,61.0,0.896039605140686,0.35179877281188965,1650180187.1294312,1650180200.5302124
1650180200.6754713,37.08406448364258,61.0,1.0,0.34921514987945557,1650180200.6754713,1650180213.9965575
1650180214.0913877,40.18891143798828,61.0,0.6101009845733643,0.31782087683677673,1650180214.0913877,1650180228.7720542
1650180229.0636334,37.599761962890625,61.0,1.0,0.37635496258735657,1650180229.0636334,1650180240.2605126
1650180240.4682999,38.97885513305664,61.0,1.0,0.3171807527542114,1650180240.4682999,1650180255.194232
1650180255.294611,39.62929153442383,61.0,0.8370786309242249,0.3747658431529999,1650180255.294611,1650180266.523679
1650180266.6445208,37.780982971191406,61.0,0.495708167552948,0.3275609016418457,1650180266.6445208,1650180281.0168304
1650180281.2528899,40.917816162109375,61.0,1.0,0.33748364448547363,1650180281.2528899,1650180293.8879726
1650180294.0510626,38.3100471496582,61.0,1.0,0.3965258002281189,1650180294.0510626,1650180304.6227016
1650180304.7941327,36.99488830566406,61.0,0.7512195110321045,0.34921514987945557,1650180304.7941327,1650180317.9851446
1650180318.1450107,35.93100357055664,61.0,0.9973261952400208,0.3656361997127533,1650180318.1450107,1650180330.5020268
1650180330.7743487,37.70952606201172,61.0,1.0,0.32826608419418335,1650180330.7743487,1650180345.2799678
1650180345.5113823,40.035499572753906,61.0,0.9964850544929504,0.29643458127975464,1650180345.5113823,1650180361.4971945
1650180361.7762227,38.946388244628906,61.0,1.0,0.2839809060096741,1650180361.7762227,1650180379.7239723
1650180379.8797476,37.80710220336914,61.0,1.0,0.35049980878829956,1650180379.8797476,1650180392.972526
1650180393.2617643,40.104671478271484,61.0,0.9979591965675354,0.31943827867507935,1650180393.2617643,1650180408.023137
1650180408.1489437,43.68035125732422,61.0,0.6422182321548462,0.29907429218292236,1650180408.1489437,1650180422.983989
1650180423.210763,40.670562744140625,61.0,0.8261964917182922,0.3548867106437683,1650180423.210763,1650180434.9883237
1650180435.3111057,37.283226013183594,61.0,0.704081654548645,0.31943827867507935,1650180435.3111057,1650180450.5994828
1650180450.7288942,39.924129486083984,61.0,0.6745027303695679,0.3006923794746399,1650180450.7288942,1650180466.7843475
1650180481.1469772,41.5562744140625,61.0,1.0,0.3544405996799469,1650180481.1469772,1650180492.6253881
1650180492.7995348,44.6944465637207,61.0,1.0,0.3566882014274597,1650180492.7995348,1650180503.695743
1650180503.9915304,40.0997314453125,61.0,1.0,0.33709993958473206,1650180503.9915304,1650180517.358204
1650180517.5390878,41.14668273925781,61.0,0.9982331991195679,0.2972191572189331,1650180517.5390878,1650180532.9959846
1650180533.2092876,45.2617073059082,61.0,1.0,0.33709993958473206,1650180533.2092876,1650180544.896871
1650180545.0237808,41.81104278564453,61.0,0.6636771559715271,0.3348247706890106,1650180545.0237808,1650180557.8672779
1650180558.2566748,40.898406982421875,61.0,0.9491525292396545,0.30685821175575256,1650180558.2566748,1650180573.5139923
1650180573.7392595,40.716609954833984,61.0,0.43281251192092896,0.279508501291275,1650180573.7392595,1650180591.5698204
1650180591.82101,40.05921936035156,61.0,0.6211656332015991,0.27692440152168274,1650180591.82101,1650180610.44344
1650180610.6760883,39.53108596801758,61.0,0.5971660017967224,0.3181423842906952,1650180610.6760883,1650180625.272197
1650180625.4216807,40.562110900878906,61.0,0.6313799619674683,0.3074377179145813,1650180625.4216807,1650180640.63292
1650180640.8964798,42.49333190917969,61.0,1.0,0.322748601436615,1650180640.8964798,1650180654.7339454
1650180654.8240216,38.778045654296875,61.0,0.6719101071357727,0.3352007567882538,1650180654.8240216,1650180668.620488
1650180668.7379484,40.46558380126953,61.0,0.75,0.34836649894714355,1650180668.7379484,1650180681.01999
1650180681.3671358,37.623836517333984,61.0,1.0,0.29669541120529175,1650180681.3671358,1650180698.7231536
1650180699.1788013,40.537010192871094,61.0,1.0,0.2782074511051178,1650180699.1788013,1650180717.1376987
1650180717.515594,39.074527740478516,61.0,0.9985337257385254,0.27076518535614014,1650180717.515594,1650180737.0679734
1650180737.4845982,39.767208099365234,61.0,1.0,0.33296358585357666,1650180737.4845982,1650180751.1139185
1650180751.5156486,40.30699920654297,61.0,1.0,0.3363364040851593,1650180751.5156486,1650180764.7639678
1650180765.1142802,40.88688278198242,61.0,1.0,0.32616403698921204,1650180765.1142802,1650180778.8839781
1650180779.0635822,40.545536041259766,61.0,1.0,0.3234231173992157,1650180779.0635822,1650180792.6285777
1650180792.7628167,42.28443145751953,61.0,0.997787594795227,0.3325950503349304,1650180792.7628167,1650180805.5571241
1650180827.3685246,38.85327911376953,60.0,0.9987080097198486,0.25416427850723267,1650180827.3685246,1650180849.3229127
1650180849.5042136,40.10862731933594,60.0,0.4847094714641571,0.2765006422996521,1650180849.5042136,1650180868.0039744
1650180868.3998864,39.317909240722656,60.0,0.37090909481048584,0.24618297815322876,1650180868.3998864,1650180891.3665206
1650180891.5746005,38.5157585144043,60.0,0.9973226189613342,0.2587168514728546,1650180891.5746005,1650180912.6309164
1650180912.8330767,36.75707244873047,60.0,0.5612244606018066,0.2916059195995331,1650180912.8330767,1650180931.142478
1650180931.3953474,36.40365219116211,60.0,1.0,0.30978909134864807,1650180931.3953474,1650180947.8772109
1650180948.2409978,36.14155197143555,60.0,1.0,0.3409971594810486,1650180948.2409978,1650180962.158497
1650180962.4268687,40.652069091796875,60.0,1.0,0.34421420097351074,1650180962.4268687,1650180974.6279695
1650180994.5061705,38.564151763916016,61.0,0.27344632148742676,0.23769134283065796,1650180994.5061705,1650181019.8405797
1650181020.1150117,41.589603424072266,61.0,0.8364030122756958,0.23274703323841095,1650181020.1150117,1650181044.4239707
1650181044.664128,39.345245361328125,61.0,1.0,0.31038543581962585,1650181044.664128,1650181059.8120832
1650181059.9018314,39.028079986572266,61.0,1.0,0.31782087683677673,1650181059.9018314,1650181075.1216416
1650181075.2714603,40.5576286315918,61.0,0.8489096760749817,0.2790727913379669,1650181075.2714603,1650181093.0239775
1650181093.4072099,42.30609130859375,61.0,0.4404388666152954,0.2799462676048279,1650181093.4072099,1650181110.331487
1650181110.4800537,40.57389831542969,61.0,1.0,0.29086485505104065,1650181110.4800537,1650181127.0424256
1650181127.355975,39.260318756103516,61.0,1.0,0.32791292667388916,1650181127.355975,1650181141.415973
1650181141.642663,38.303707122802734,61.0,1.0,0.3471050560474396,1650181141.642663,1650181154.5134795
1650181154.8883314,39.784053802490234,61.0,1.0,0.34421420097351074,1650181154.8883314,1650181167.7075377
1650181167.843904,40.66006851196289,61.0,0.49240121245384216,0.2756589353084564,1650181167.843904,1650181186.2895195
1650181186.6259518,38.18334197998047,61.0,0.35082873702049255,0.26279416680336,1650181186.6259518,1650181207.577497
1650181207.7190447,41.68050765991211,61.0,1.0,0.2507849335670471,1650181207.7190447,1650181228.9519906
1650181229.2087998,44.36153793334961,61.0,0.7267392873764038,0.20472212135791779,1650181229.2087998,1650181258.4683805
1650181258.9290593,42.01109313964844,61.0,1.0,0.24126172065734863,1650181258.9290593,1650181281.8039696
1650181282.1649768,45.23375701904297,61.0,0.30685529112815857,0.23325300216674805,1650181282.1649768,1650181304.6039715
1650181304.92032,48.074012756347656,61.0,1.0,0.23728950321674347,1650181304.92032,1650181325.7839825
1650181325.9756398,46.37638473510742,61.0,0.2503022849559784,0.24588511884212494,1650181325.9756398,1650181345.87801
1650181346.346389,45.968406677246094,61.0,1.0,0.3314967751502991,1650181346.346389,1650181358.1588497
1650181358.4029882,45.268463134765625,61.0,0.875,0.32826608419418335,1650181358.4029882,1650181370.4201841
1650181370.630097,45.052127838134766,61.0,0.9697950482368469,0.2322443425655365,1650181370.630097,1650181393.3149295
1650181393.7617033,43.9517936706543,61.0,1.0,0.3706246614456177,1650181393.7617033,1650181404.295972
1650181404.4654915,45.12810516357422,61.0,1.0,0.3352007567882538,1650181404.4654915,1650181416.6308594
1650181416.884119,43.52044677734375,61.0,0.4377104341983795,0.2901294231414795,1650181416.884119,1650181432.7157583
1650181432.9969866,47.38805389404297,61.0,1.0,0.2680281400680542,1650181432.9969866,1650181449.8999813
1650181450.2302244,48.2225341796875,61.0,1.0,0.3386427164077759,1650181450.2302244,1650181461.4905205
1650181461.7928133,44.5928840637207,61.0,1.0,0.30772873759269714,1650181461.7928133,1650181476.189729
1650181476.390048,46.61457443237305,61.0,1.0,0.2956562042236328,1650181476.390048,1650181490.6559727
1650181490.81285,42.4525146484375,61.0,1.0,0.2832963466644287,1650181490.81285,1650181507.7729757
1650181507.9507308,43.35878372192383,61.0,0.5008912682533264,0.29854071140289307,1650181507.9507308,1650181522.9649892
1650181523.1743636,42.62470245361328,61.0,1.0,0.3585173785686493,1650181523.1743636,1650181534.2712152
1650181534.4534369,45.934024810791016,61.0,1.0,0.34219294786453247,1650181534.4534369,1650181545.2297623
1650181545.355365,44.0483512878418,61.0,1.0,0.3012376129627228,1650181545.355365,1650181559.839448
1650181560.0142822,40.87868881225586,61.0,1.0,0.29591497778892517,1650181560.0142822,1650181576.3308527
1650181576.653883,46.436302185058594,61.0,1.0,0.2674523591995239,1650181576.653883,1650181593.6879702
1650181593.941946,41.781959533691406,61.0,1.0,0.331133097410202,1650181593.941946,1650181607.1055217
1650181607.2396777,45.69107437133789,61.0,0.48059701919555664,0.27317917346954346,1650181607.2396777,1650181624.091984
1650181624.327831,39.53521728515625,61.0,1.0,0.30860671401023865,1650181624.327831,1650181639.8329947
1650181640.0252938,43.9384651184082,61.0,1.0,0.3307706117630005,1650181640.0252938,1650181652.474522
1650181652.7647436,45.39726257324219,61.0,0.7447618842124939,0.30860671401023865,1650181652.7647436,1650181666.3118155
1650181666.453574,41.700679779052734,61.0,1.0,0.31403714418411255,1650181666.453574,1650181680.5780437
1650181680.7720323,42.30451583862305,61.0,0.4747145175933838,0.2855977416038513,1650181680.7720323,1650181697.271453
1650181697.5781403,44.855552673339844,61.0,1.0,0.33786869049072266,1650181697.5781403,1650181708.9479704
1650181709.1515627,44.95450210571289,61.0,1.0,0.34219294786453247,1650181709.1515627,1650181720.6298344
1650181720.9216654,43.10702133178711,61.0,0.7193308472633362,0.3048553764820099,1650181720.9216654,1650181735.4204638
1650181735.5609884,39.83692169189453,61.0,0.9213483333587646,0.3747658431529999,1650181735.5609884,1650181746.6311204
1650181746.8935742,44.93550109863281,61.0,0.8812785148620605,0.33786869049072266,1650181746.8935742,1650181758.6214955
1650181758.8435364,41.049766540527344,61.0,0.6623376607894897,0.3045724630355835,1650181758.8435364,1650181773.5086627
1650181773.7443068,43.84140396118164,61.0,1.0,0.27607882022857666,1650181773.7443068,1650181790.463662
1650181790.6310525,41.66439437866211,61.0,0.5178571343421936,0.2849014401435852,1650181790.6310525,1650181807.5759761
1650181807.7616234,41.57039260864258,61.0,0.785977840423584,0.3037283718585968,1650181807.7616234,1650181822.6279728
1650181822.7992525,39.63098907470703,61.0,1.0,0.37164705991744995,1650181822.7992525,1650181834.078305
1650181834.2286892,45.06721115112305,61.0,1.0,0.37216147780418396,1650181834.2286892,1650181844.324721
1650181844.4932082,40.80827713012695,61.0,1.0,0.30772873759269714,1650181844.4932082,1650181859.3186316
1650181859.5633402,42.70891189575195,61.0,0.9714285731315613,0.36037498712539673,1650181859.5633402,1650181870.7319696
1650181870.8763814,39.50768280029297,61.0,0.852320671081543,0.32478490471839905,1650181870.8763814,1650181885.1014624
1650181885.390821,38.03219223022461,61.0,1.0,0.3691067397594452,1650181885.390821,1650181896.9599671
1650181897.2333372,41.828216552734375,61.0,1.0,0.3109852075576782,1650181897.2333372,1650181911.5777209
1650181911.7703617,43.37733459472656,61.0,0.5691202878952026,0.29961076378822327,1650181911.7703617,1650181926.2479687
1650181926.4098594,41.93327331542969,61.0,1.0,0.322748601436615,1650181926.4098594,1650181940.2652051
1650181940.348165,41.72595977783203,61.0,0.6970387101173401,0.33748364448547363,1650181940.348165,1650181952.450942
1650181952.5367012,42.323486328125,61.0,1.0,0.29880714416503906,1650181952.5367012,1650181968.0363688
1650181968.2003503,45.18623352050781,61.0,0.6000000238418579,0.3057089149951935,1650181968.2003503,1650181982.6295242
1650181982.8317819,40.600791931152344,61.0,0.5745682716369629,0.2801659107208252,1650181982.8317819,1650182000.1220849
1650182000.213375,41.17050552368164,61.0,0.7039337754249573,0.32174474000930786,1650182000.213375,1650182014.082527
1650182014.333927,43.682430267333984,61.0,0.8611599206924438,0.29643458127975464,1650182014.333927,1650182029.305621
1650182029.5397265,43.500816345214844,61.0,1.0,0.36037498712539673,1650182029.5397265,1650182040.6199787
1650182040.8425379,42.81170654296875,61.0,0.6812227368354797,0.33040928840637207,1650182040.8425379,1650182053.3858364
1650182053.5312037,38.75816345214844,61.0,1.0,0.3074377179145813,1650182053.5312037,1650182069.1150177
1650182069.3679187,40.0356330871582,61.0,0.980728030204773,0.327210009098053,1650182069.3679187,1650182083.2305698
1650182083.442749,40.14800262451172,61.0,0.7700729966163635,0.3020610511302948,1650182083.442749,1650182099.209411
1650182099.5046334,41.060150146484375,61.0,1.0,0.37424060702323914,1650182099.5046334,1650182110.4885197
1650182110.6610873,43.08605194091797,61.0,1.0,0.3057089149951935,1650182110.6610873,1650182125.259779
1650182125.4857972,36.20045471191406,61.0,1.0,0.4022589921951294,1650182125.4857972,1650182135.734287
1650182135.9036152,38.46207046508789,61.0,1.0,0.32933247089385986,1650182135.9036152,1650182149.6574254
1650182149.9327972,39.15279769897461,61.0,1.0,0.35578402876853943,1650182149.9327972,1650182162.1924574
1650182162.3001556,40.18363952636719,61.0,0.5538461804389954,0.31008684635162354,1650182162.3001556,1650182177.430692
1650182177.7276418,39.27688980102539,61.0,1.0,0.37011659145355225,1650182177.7276418,1650182189.541205
1650182189.8059819,44.0684814453125,61.0,0.7923076748847961,0.35805743932724,1650182189.8059819,1650182201.5377228
1650182201.7224255,49.43886184692383,61.0,0.40803709626197815,0.2779923677444458,1650182201.7224255,1650182216.7308617
1650182216.8979657,46.8278923034668,61.0,1.0,0.3622617721557617,1650182216.8979657,1650182227.29775
1650182227.5202756,53.633522033691406,61.0,1.0,0.29617443680763245,1650182227.5202756,1650182240.4040089
1650182240.5637176,51.23527526855469,61.0,1.0,0.3106848895549774,1650182240.5637176,1650182252.62572
1650182252.7641609,47.54100799560547,61.0,0.6331058144569397,0.292103111743927,1650182252.7641609,1650182267.0886366
1650182267.4345636,49.516361236572266,61.0,0.5681818127632141,0.30772873759269714,1650182267.4345636,1650182280.3999748
1650182280.579683,46.744144439697266,61.0,0.9398339986801147,0.32207831740379333,1650182280.579683,1650182292.6239722
1650182293.0592034,46.6268424987793,61.0,1.0,0.279508501291275,1650182293.0592034,1650182308.6725273
1650182308.8906932,43.52031326293945,61.0,1.0,0.25110098719596863,1650182308.8906932,1650182329.271981
1650182329.686629,44.490657806396484,61.0,0.8771138787269592,0.23742322623729706,1650182329.686629,1650182351.8485854
1650182352.332828,41.56316375732422,61.0,1.0,0.32791292667388916,1650182352.332828,1650182365.49352
1650182365.6479094,44.389610290527344,61.0,0.46875,0.28676965832710266,1650182365.6479094,1650182381.3497818
1650182381.6048136,41.89540481567383,61.0,1.0,0.3062819540500641,1650182381.6048136,1650182396.3319662
1650182396.4558601,41.090003967285156,61.0,1.0,0.2839809060096741,1650182396.4558601,1650182413.5159705
1650182413.6966867,40.62441635131836,61.0,1.0,0.25889018177986145,1650182413.6966867,1650182434.0785174
1650182434.2343817,40.27571105957031,61.0,1.0,0.34259435534477234,1650182434.2343817,1650182446.6239834
1650182446.76219,39.81231689453125,61.0,0.6363636255264282,0.2823912501335144,1650182446.76219,1650182464.4451597
1650182464.5378377,39.92222213745117,61.0,0.5731707215309143,0.29514065384864807,1650182464.5378377,1650182480.7944481
1650182480.9919264,39.50937271118164,61.0,1.0,0.31528332829475403,1650182480.9919264,1650182495.671987
1650182495.7955983,43.87977981567383,61.0,1.0,0.2865341305732727,1650182495.7955983,1650182511.7938554
1650182512.3604887,42.833927154541016,61.0,1.0,0.33445003628730774,1650182512.3604887,1650182524.9439723
1650182525.3236525,42.526756286621094,61.0,0.811904788017273,0.34503278136253357,1650182525.3236525,1650182537.1985297
1650182537.3777964,44.043033599853516,61.0,1.0,0.29961076378822327,1650182537.3777964,1650182552.067974
1650182552.2676966,40.98776626586914,61.0,0.6080178022384644,0.3337043225765228,1650182552.2676966,1650182565.369167
1650182565.6230316,45.79188537597656,61.0,0.756157636642456,0.35093119740486145,1650182565.6230316,1650182576.6293485
1650182576.7602205,47.262184143066406,61.0,1.0,0.3544405996799469,1650182576.7602205,1650182587.3606617
1650182587.484739,41.7999153137207,61.0,1.0,0.27136266231536865,1650182587.484739,1650182605.9776
1650182606.3506052,43.25016403198242,61.0,0.9155369997024536,0.22833669185638428,1650182606.3506052,1650182630.6279695
1650182630.8688056,39.635459899902344,61.0,0.8745874762535095,0.23453252017498016,1650182630.8688056,1650182656.1239686
1650182656.2828152,42.45490646362305,61.0,1.0,0.3823595643043518,1650182656.2828152,1650182666.4112084
1650182666.696644,43.09721374511719,61.0,0.4343434274196625,0.26860764622688293,1650182666.696644,1650182685.050498
1650182685.1618872,40.390743255615234,61.0,1.0,0.267835795879364,1650182685.1618872,1650182704.2009034
1650182704.441178,40.13242721557617,61.0,1.0,0.25854384899139404,1650182704.441178,1650182725.222378
1650182725.557335,46.126365661621094,61.0,1.0,0.3608439266681671,1650182725.557335,1650182736.3537629
1650182736.478097,41.5042839050293,61.0,1.0,0.29643458127975464,1650182736.478097,1650182752.3559759
1650182752.6558888,41.184017181396484,61.0,0.9871559739112854,0.30289125442504883,1650182752.6558888,1650182767.9288044
1650182768.353923,43.016056060791016,61.0,1.0,0.30772873759269714,1650182768.353923,1650182782.6276634
1650182782.7534466,43.3790397644043,61.0,1.0,0.29748207330703735,1650182782.7534466,1650182797.7837474
1650182797.970398,41.34771728515625,61.0,1.0,0.32410186529159546,1650182797.970398,1650182811.780108
1650182811.9945996,40.09872055053711,61.0,1.0,0.25,1650182811.9945996,1650182834.0152516
1650182834.3042245,44.160743713378906,61.0,1.0,0.2358333170413971,1650182834.3042245,1650182856.4958794
1650182856.7206054,43.24538803100586,61.0,1.0,0.3322277367115021,1650182856.7206054,1650182869.299981
1650182869.4747615,39.97001266479492,61.0,1.0,0.30151134729385376,1650182869.4747615,1650182885.3366532
1650182885.6885078,40.64865493774414,61.0,1.0,0.27216553688049316,1650182885.6885078,1650182904.5575209
1650182904.791054,42.587223052978516,61.0,0.5037257671356201,0.27297553420066833,1650182904.791054,1650182922.8715947
1650182923.0843875,40.688438415527344,61.0,1.0,0.34421420097351074,1650182923.0843875,1650182935.741546
1650182936.1044726,41.89777374267578,61.0,1.0,0.3042903244495392,1650182936.1044726,1650182950.6159832
1650182950.9392056,40.09231948852539,61.0,0.5,0.3083132207393646,1650182950.9392056,1650182966.203975
1650182966.3598433,41.99402618408203,61.0,1.0,0.29386353492736816,1650182966.3598433,1650182982.0525513
1650182982.340315,40.180686950683594,61.0,1.0,0.3840476870536804,1650182982.340315,1650182993.0668612
1650182993.598996,42.699100494384766,61.0,1.0,0.2568327486515045,1650182993.598996,1650183013.6228373
1650183013.8362072,44.18206024169922,61.0,0.8439716100692749,0.34380707144737244,1650183013.8362072,1650183025.6056895
1650183025.8622293,39.10956954956055,61.0,0.5277280807495117,0.29907429218292236,1650183025.8622293,1650183042.0986645
1650183042.4102643,42.75242614746094,61.0,1.0,0.3608439266681671,1650183042.4102643,1650183053.4973543
1650183067.8773077,40.87384796142578,60.0,1.0,0.279508501291275,1650183067.8773077,1650183085.5658796
1650183085.77309,40.017642974853516,60.0,1.0,0.29854071140289307,1650183085.77309,1650183101.9159696
1650183102.32837,44.21001434326172,60.0,1.0,0.27692440152168274,1650183102.32837,1650183118.885705
1650183119.1269808,45.068233489990234,60.0,1.0,0.26997461915016174,1650183119.1269808,1650183136.6337688
1650183136.8066466,40.33990478515625,60.0,0.6199095249176025,0.2746175229549408,1650183136.8066466,1650183155.2003436
1650183155.400886,43.43070602416992,60.0,0.5073891878128052,0.2865341305732727,1650183155.400886,1650183171.2422125
1650183171.375113,41.11834716796875,60.0,0.8318965435028076,0.32826608419418335,1650183171.375113,1650183184.6538563
1650183185.0104775,42.74983215332031,60.0,1.0,0.27972713112831116,1650183185.0104775,1650183202.0631754
1650183202.2182705,41.79667282104492,60.0,0.8099547624588013,0.3363364040851593,1650183202.2182705,1650183214.4919753
1650183230.0358245,39.60027313232422,61.0,1.0,0.29961076378822327,1650183230.0358245,1650183245.9700575
1650183246.032018,38.45893478393555,61.0,0.44117647409439087,0.29411765933036804,1650183246.032018,1650183263.1411755
1650183263.3105772,38.3570671081543,61.0,0.7777777910232544,0.31782087683677673,1650183263.3105772,1650183278.2752252
1650183278.5151854,37.15257263183594,61.0,1.0,0.35049980878829956,1650183278.5151854,1650183291.3541346
1650183291.545888,40.455135345458984,61.0,1.0,0.3801429569721222,1650183291.545888,1650183302.3479779
1650183302.5315907,42.993751525878906,61.0,0.6812143921852112,0.30802056193351746,1650183302.5315907,1650183316.6034029
1650183316.7348542,44.00279998779297,61.0,0.8579999804496765,0.3162277638912201,1650183316.7348542,1650183330.4839795
1650183330.7042146,42.23046875,61.0,1.0,0.35311228036880493,1650183330.7042146,1650183342.6624048
1650183342.763313,41.41415023803711,61.0,0.6242884397506714,0.30802056193351746,1650183342.763313,1650183357.3959932
1650183357.5316744,42.10344696044922,61.0,1.0,0.3009646236896515,1650183357.5316744,1650183372.6373258
1650183372.7554264,41.87474060058594,61.0,0.6958250403404236,0.31528332829475403,1650183372.7554264,1650183386.2958083
1650183386.448901,39.223548889160156,61.0,0.5776892304420471,0.31559720635414124,1650183386.448901,1650183401.0319777
1650183401.3875701,43.42885208129883,61.0,1.0,0.32042068243026733,1650183401.3875701,1650183414.3282754
1650183414.5911095,46.022010803222656,61.0,1.0,0.3333333432674408,1650183414.5911095,1650183426.2159815
1650183426.4767427,42.070167541503906,61.0,0.4888475835323334,0.3048553764820099,1650183426.4767427,1650183441.499264
1650183441.688191,40.951560974121094,61.0,1.0,0.29235267639160156,1650183441.688191,1650183458.1466596
1650183458.472635,45.36421203613281,61.0,1.0,0.322748601436615,1650183458.472635,1650183471.1037376
1650183471.1888576,41.19211959838867,61.0,0.7375271320343018,0.32933247089385986,1650183471.1888576,1650183484.4195435
1650183484.6863356,40.083866119384766,61.0,0.5373443961143494,0.32207831740379333,1650183484.6863356,1650183498.2079852
1650183498.3223975,42.24418258666992,61.0,1.0,0.3479444980621338,1650183498.3223975,1650183510.0399868
1650183510.175241,44.04364776611328,61.0,0.4610169529914856,0.2911112606525421,1650183510.175241,1650183525.4555376
1650183525.661657,42.18818664550781,61.0,1.0,0.3829197883605957,1650183525.661657,1650183535.9726005
1650183536.1294935,40.981468200683594,61.0,1.0,0.36810508370399475,1650183536.1294935,1650183547.0124614
1650183547.2744546,41.076080322265625,61.0,0.5987260937690735,0.32581761479377747,1650183547.2744546,1650183560.8346584
1650183561.053451,42.6141242980957,61.0,1.0,0.3386427164077759,1650183561.053451,1650183573.2559776
1650183573.4479394,41.28841018676758,61.0,1.0,0.34627169370651245,1650183573.4479394,1650183585.5820947
1650183585.6679707,40.229549407958984,61.0,0.4716981053352356,0.3071475625038147,1650183585.6679707,1650183601.1043851
1650183601.2577355,39.25905227661133,61.0,0.503731369972229,0.3054236173629761,1650183601.2577355,1650183616.8719685
1650183617.0344093,38.740455627441406,61.0,1.0,0.3706246614456177,1650183617.0344093,1650183628.6243606
1650183628.7440152,40.80934143066406,61.0,0.6056337952613831,0.3171807527542114,1650183628.7440152,1650183643.1279767
1650183643.2859354,39.97202682495117,61.0,1.0,0.36810508370399475,1650183643.2859354,1650183654.418721
1650183654.6958575,37.76898193359375,61.0,1.0,0.33445003628730774,1650183654.6958575,1650183668.8079674
1650183669.0065315,38.6059455871582,61.0,0.6076233386993408,0.3348247706890106,1650183669.0065315,1650183682.6313763
1650183682.7772028,39.97562789916992,61.0,0.5250896215438843,0.29934215545654297,1650183682.7772028,1650183698.811973
1650183699.0488732,40.521968841552734,61.0,0.4431239366531372,0.29135826230049133,1650183699.0488732,1650183715.731182
1650183716.0244265,41.35367965698242,61.0,0.7872860431671143,0.3496417999267578,1650183716.0244265,1650183728.211976
1650183728.3756099,38.54050064086914,61.0,1.0,0.3539961576461792,1650183728.3756099,1650183740.8559878
1650183741.0480852,42.47449493408203,61.0,0.5941747426986694,0.31158846616744995,1650183741.0480852,1650183755.527362
1650183755.6429179,40.95859146118164,61.0,1.0,0.2901294231414795,1650183755.6429179,1650183772.391541
1650183772.6105587,37.73573303222656,61.0,1.0,0.2901294231414795,1650183772.6105587,1650183790.6306148
1650183790.7470329,39.06036376953125,61.0,1.0,0.2969569265842438,1650183790.7470329,1650183807.8999705
1650183808.123279,41.38801574707031,61.0,0.6698113083839417,0.3071475625038147,1650183808.123279,1650183822.886006
1650183822.9970102,41.59016799926758,61.0,0.7760910987854004,0.30802056193351746,1650183822.9970102,1650183837.495629
1650183837.6827612,37.26691436767578,61.0,0.9970059990882874,0.38691163063049316,1650183837.6827612,1650183848.5503097
1650183848.739725,41.78986358642578,61.0,1.0,0.3785055875778198,1650183848.739725,1650183859.2685943
1650183859.5458152,40.310951232910156,61.0,1.0,0.327210009098053,1650183859.5458152,1650183873.3137865
1650183873.4839633,39.263397216796875,61.0,0.554731011390686,0.3045724630355835,1650183873.4839633,1650183889.300221
1650183889.455455,42.96023178100586,61.0,1.0,0.32042068243026733,1650183889.455455,1650183903.0959775
1650183903.2529864,41.170074462890625,61.0,0.38328075408935547,0.28082796931266785,1650183903.2529864,1650183920.6199703
1650183920.7405436,39.66997146606445,61.0,1.0,0.3785055875778198,1650183920.7405436,1650183931.3278964
1650183931.5216877,39.80392074584961,61.0,1.0,0.32009220123291016,1650183931.5216877,1650183945.9172552
1650183946.2190387,42.577049255371094,61.0,1.0,0.3071475625038147,1650183946.2190387,1650183960.7339015
1650183961.068061,39.56456756591797,61.0,1.0,0.29907429218292236,1650183961.068061,1650183977.3199756
1650183977.516659,40.405826568603516,61.0,0.5864197611808777,0.3207501471042633,1650183977.516659,1650183991.8215272
1650183991.971669,37.43731689453125,61.0,1.0,0.4048881530761719,1650183991.971669,1650184002.6561952
1650184002.786657,42.3059196472168,61.0,0.47337278723716736,0.31403714418411255,1650184002.786657,1650184016.7799706
1650184016.9960723,45.508785247802734,61.0,0.6916996240615845,0.3143472969532013,1650184016.9960723,1650184030.1803398
1650184030.338985,41.703128814697266,61.0,1.0,0.3857583701610565,1650184030.338985,1650184040.4341512
1650184040.5159888,40.21416091918945,61.0,0.6686992049217224,0.3187883496284485,1650184040.5159888,1650184055.0133696
1650184055.214824,45.13917541503906,61.0,1.0,0.3363364040851593,1650184055.214824,1650184067.1999786
1650184067.7306952,40.36052703857422,61.0,1.0,0.34219294786453247,1650184067.7306952,1650184080.4659102
1650184080.6347857,42.14485549926758,61.0,0.7928118109703064,0.32512804865837097,1650184080.6347857,1650184094.0172021
1650184094.32721,41.46576690673828,61.0,1.0,0.2752409279346466,1650184094.32721,1650184112.631466
1650184112.981253,43.393856048583984,61.0,1.0,0.3325950503349304,1650184112.981253,1650184125.3101873
1650184125.4460278,39.146453857421875,61.0,0.990604043006897,0.25906386971473694,1650184125.4460278,1650184146.6229131
1650184146.9028509,42.670562744140625,61.0,1.0,0.29310518503189087,1650184146.9028509,1650184162.6279771
1650184163.165603,41.563079833984375,61.0,0.5609349012374878,0.2889159917831421,1650184163.165603,1650184179.4540973
1650184179.7001908,41.01874542236328,61.0,1.0,0.3386427164077759,1650184179.7001908,1650184192.547975
1650184192.893298,39.70713806152344,61.0,0.8653846383094788,0.3466876149177551,1650184192.893298,1650184205.2084634
1650184205.7596548,41.919376373291016,61.0,1.0,0.30685821175575256,1650184205.7596548,1650184220.6215174
1650184220.8774116,36.2002067565918,61.0,0.97444087266922,0.39968037605285645,1650184220.8774116,1650184231.7613273
1650184231.916923,42.46040344238281,61.0,1.0,0.35223498940467834,1650184231.916923,1650184243.315779
1650184243.5251098,40.442237854003906,61.0,1.0,0.26028960943222046,1650184243.5251098,1650184264.0729342
1650184264.2489722,39.15855407714844,61.0,0.6107010841369629,0.3037283718585968,1650184264.2489722,1650184279.9543524
1650184280.4008033,42.33266067504883,61.0,1.0,0.2592379152774811,1650184280.4008033,1650184300.4089952
1650184300.6419938,42.73147964477539,61.0,0.37191158533096313,0.25498923659324646,1650184300.6419938,1650184321.0484958
1650184321.36527,45.139854431152344,61.0,0.5191637873649597,0.29514065384864807,1650184321.36527,1650184336.4960227
1650184336.667851,42.061668395996094,61.0,0.4351535737514496,0.292103111743927,1650184336.667851,1650184352.6681676
1650184352.8252265,40.33336639404297,61.0,1.0,0.2674523591995239,1650184352.8252265,1650184372.1640542
1650184372.5904012,39.015323638916016,61.0,1.0,0.29961076378822327,1650184372.5904012,1650184388.9429507
1650184389.349147,41.68351364135742,61.0,0.8571428656578064,0.3706246614456177,1650184389.349147,1650184400.2887235
1650184400.4836519,41.68622589111328,61.0,0.6169491410255432,0.2911112606525421,1650184400.4836519,1650184416.8439713
1650184417.091223,42.191646575927734,61.0,1.0,0.26899608969688416,1650184417.091223,1650184435.4834886
1650184435.624114,41.1507568359375,61.0,1.0,0.3386427164077759,1650184435.624114,1650184448.211975
1650184448.5355487,40.78203582763672,61.0,0.4780292809009552,0.25802692770957947,1650184448.5355487,1650184469.2799761
1650184469.491379,38.725040435791016,61.0,0.33706292510032654,0.26444295048713684,1650184469.491379,1650184489.8399696
1650184489.9714713,36.77799987792969,61.0,0.7622377872467041,0.3413943648338318,1650184489.9714713,1650184504.055978
1650184504.8632145,42.39524841308594,61.0,1.0,0.29617443680763245,1650184504.8632145,1650184520.2658842
1650184520.4665267,41.60951232910156,61.0,0.7825443744659424,0.2719641327857971,1650184520.4665267,1650184539.0199773
1650184539.3655012,39.76983642578125,61.0,0.8509513735771179,0.22990024089813232,1650184539.3655012,1650184565.5159736
1650184566.0759082,39.862098693847656,61.0,1.0,0.26518577337265015,1650184566.0759082,1650184586.2203565
1650184586.3225698,38.6735954284668,61.0,0.7780320644378662,0.33825504779815674,1650184586.3225698,1650184599.7684367
1650184599.9547622,42.7794075012207,61.0,1.0,0.25094279646873474,1650184599.9547622,1650184620.6189098
1650184620.9048848,39.00098419189453,61.0,1.0,0.2972191572189331,1650184620.9048848,1650184637.5967708
1650184637.722983,38.89353942871094,61.0,1.0,0.2773500978946686,1650184637.722983,1650184656.6207232
1650184656.8559878,42.52925109863281,61.0,0.6852207183837891,0.30978909134864807,1650184656.8559878,1650184671.1990566
1650184671.5796182,39.93589401245117,61.0,1.0,0.3394221067428589,1650184671.5796182,1650184684.6255264
1650184684.7415924,39.4525032043457,61.0,1.0,0.3289758563041687,1650184684.7415924,1650184698.631712
1650184698.8507504,42.55217361450195,61.0,1.0,0.33825504779815674,1650184698.8507504,1650184711.3295486
1650184711.6828299,40.675514221191406,61.0,1.0,0.32141217589378357,1650184711.6828299,1650184725.351987
1650184725.4733605,37.5860710144043,61.0,1.0,0.3892494738101959,1650184725.4733605,1650184736.009178
1650184736.190988,40.41446304321289,61.0,1.0,0.39840954542160034,1650184736.190988,1650184746.2616403
1650184746.5950775,39.42798614501953,61.0,1.0,0.32969024777412415,1650184746.5950775,1650184760.4938343
1650184761.0927842,42.84651184082031,61.0,1.0,0.32581761479377747,1650184761.0927842,1650184773.9759803
1650184774.2446644,41.40058898925781,61.0,1.0,0.3057089149951935,1650184774.2446644,1650184789.1719887
1650184789.4061673,39.78543472290039,61.0,1.0,0.32581761479377747,1650184789.4061673,1650184803.3057258
1650184803.5473797,39.076663970947266,61.0,1.0,0.3020610511302948,1650184803.5473797,1650184819.6695335
1650184819.7829819,40.37165069580078,61.0,0.8246753215789795,0.3289758563041687,1650184819.7829819,1650184833.5054822
1650184833.7290194,43.76115798950195,61.0,0.7436440587043762,0.32547226548194885,1650184833.7290194,1650184846.799971
1650184847.1059635,39.744117736816406,61.0,1.0,0.33903175592422485,1650184847.1059635,1650184860.4161093
1650184860.6837192,40.92367935180664,61.0,1.0,0.3737175464630127,1650184860.6837192,1650184871.5331838
1650184871.7147207,43.124385833740234,61.0,1.0,0.3535533845424652,1650184871.7147207,1650184883.0076354
1650184883.208165,40.82501220703125,61.0,0.5307692289352417,0.31008684635162354,1650184883.208165,1650184897.9295328
1650184898.1510262,44.196189880371094,61.0,1.0,0.33296358585357666,1650184898.1510262,1650184910.414527
1650184910.6153324,41.54979705810547,61.0,0.578044593334198,0.2928537130355835,1650184910.6153324,1650184926.7164934
1650184926.9229505,37.56782913208008,61.0,0.3952702581882477,0.2906191051006317,1650184926.9229505,1650184944.7839775
1650184945.101361,39.87265396118164,61.0,0.4624060094356537,0.3065696656703949,1650184945.101361,1650184960.8765836
1650184961.0401883,38.62406921386719,61.0,0.5583941340446472,0.3020610511302948,1650184961.0401883,1650184977.3253708
1650184977.545238,41.897178649902344,61.0,0.48746082186698914,0.2799462676048279,1650184977.545238,1650184995.016581
1650184995.248388,37.90278244018555,61.0,1.0,0.33407655358314514,1650184995.248388,1650185009.3898306
1650185009.5453122,43.4112434387207,61.0,0.5384615659713745,0.3062819540500641,1650185009.5453122,1650185024.0576816
1650185024.2730758,43.636199951171875,61.0,0.5437392592430115,0.2928537130355835,1650185024.2730758,1650185039.6273005
1650185039.722351,40.66656494140625,61.0,0.6438053250312805,0.3325950503349304,1650185039.722351,1650185053.2223845
1650185053.497869,38.98749923706055,61.0,0.758695662021637,0.32969024777412415,1650185053.497869,1650185067.0919704
1650185067.1917892,37.45810317993164,61.0,0.9189189076423645,0.36760732531547546,1650185067.1917892,1650185079.3119972
1650185079.474872,40.1746940612793,61.0,1.0,0.3608439266681671,1650185079.474872,1650185091.3978002
1650185091.640258,42.03428268432617,61.0,0.8108108043670654,0.3224129378795624,1650185091.640258,1650185105.2719882
1650185105.6330066,39.129581451416016,61.0,1.0,0.3386427164077759,1650185105.6330066,1650185118.8710735
1650185119.000591,38.76228332519531,61.0,0.8994413614273071,0.3737175464630127,1650185119.000591,1650185130.429226
1650185130.5433211,39.83100891113281,61.0,0.6579572558403015,0.34462276101112366,1650185130.5433211,1650185143.2972038
1650185143.432292,41.555118560791016,61.0,1.0,0.3074377179145813,1650185143.432292,1650185158.255977
1650185158.532317,41.499847412109375,61.0,1.0,0.35311228036880493,1650185158.532317,1650185170.4359748
1650185170.6620436,39.97310256958008,61.0,0.8784403800964355,0.3386427164077759,1650185170.6620436,1650185184.3462453
1650185184.4891217,39.996028900146484,61.0,0.5491228103637695,0.29617443680763245,1650185184.4891217,1650185200.4907098
1650185200.6593206,42.92670822143555,61.0,1.0,0.3307706117630005,1650185200.6593206,1650185213.4019701
1650185213.66668,39.78363800048828,61.0,1.0,0.3785055875778198,1650185213.66668,1650185224.5756876
1650185224.8266132,43.3713264465332,61.0,1.0,0.3553345203399658,1650185224.8266132,1650185236.2857974
1650185236.5186224,40.2773551940918,61.0,0.9392033815383911,0.3237619400024414,1650185236.5186224,1650185250.6208389
1650185250.7722123,44.055503845214844,61.0,1.0,0.29669541120529175,1650185250.7722123,1650185265.8441093
1650185265.955388,38.0465202331543,61.0,0.42721518874168396,0.28127196431159973,1650185265.955388,1650185285.0110064
1650185285.2860978,39.9583854675293,61.0,0.6501901149749756,0.3083132207393646,1650185285.2860978,1650185300.5519798
1650185300.779494,40.41089630126953,61.0,1.0,0.32933247089385986,1650185300.779494,1650185314.2659557
1650185314.341484,42.119056701660156,61.0,0.7263779640197754,0.3137279152870178,1650185314.341484,1650185328.5155907
1650185328.6266437,40.779903411865234,61.0,0.8026607632637024,0.33296358585357666,1650185328.6266437,1650185341.819417
1650185341.9764361,42.531394958496094,61.0,1.0,0.3413943648338318,1650185341.9764361,1650185354.014602
1650185354.1683888,40.68461227416992,61.0,1.0,0.32547226548194885,1650185354.1683888,1650185367.8099105
1650185368.025991,42.183040618896484,61.0,0.7709359526634216,0.35093119740486145,1650185368.025991,1650185379.807977
1650185380.0909803,39.52241516113281,61.0,0.5122950673103333,0.32009220123291016,1650185380.0909803,1650185394.5637803
1650185394.7230787,42.48762512207031,61.0,0.8712121248245239,0.3553345203399658,1650185394.7230787,1650185406.067558
1650185406.2831216,39.19584655761719,61.0,0.7861915230751038,0.3337043225765228,1650185406.2831216,1650185419.8559887
1650185419.987208,39.876075744628906,61.0,1.0,0.3726779818534851,1650185419.987208,1650185431.021393
1650185431.2774396,44.2183837890625,61.0,1.0,0.302613765001297,1650185431.2774396,1650185445.9319782
1650185446.2285616,41.07505416870117,61.0,0.49772727489471436,0.33709993958473206,1650185446.2285616,1650185458.6205108
1650185458.9363017,42.64495086669922,61.0,1.0,0.29411765933036804,1650185458.9363017,1650185474.6239738
1650185474.756296,42.418922424316406,61.0,0.8662131428718567,0.33671751618385315,1650185474.756296,1650185487.4393153
1650185487.7037885,40.31330108642578,61.0,1.0,0.3834824860095978,1650185487.7037885,1650185498.3206317
1650185498.5040536,40.21389389038086,61.0,0.6293278932571411,0.3191128373146057,1650185498.5040536,1650185512.7279928
1650185512.8367245,41.1883659362793,61.0,1.0,0.29335731267929077,1650185512.8367245,1650185529.0306182
1650185529.2910676,43.095436096191406,61.0,0.6350515484809875,0.32108065485954285,1650185529.2910676,1650185542.633548
1650185542.784326,40.332576751708984,61.0,1.0,0.34462276101112366,1650185542.784326,1650185555.602748
1650185555.7988498,43.120643615722656,61.0,1.0,0.34219294786453247,1650185555.7988498,1650185567.6493218
1650185567.9086199,38.18436050415039,61.0,1.0,0.31403714418411255,1650185567.9086199,1650185583.359972
1650185583.4687836,39.53073501586914,61.0,0.5355731248855591,0.3143472969532013,1650185583.4687836,1650185598.090318
1650185598.2539713,41.53040313720703,61.0,0.5656934380531311,0.3020610511302948,1650185598.2539713,1650185613.5439744
1650185613.759296,45.24229431152344,61.0,1.0,0.3539961576461792,1650185613.759296,1650185624.7445917
1650185624.8788223,42.945560455322266,61.0,0.6996047496795654,0.3143472969532013,1650185624.8788223,1650185638.9664254
1650185639.4101691,41.423057556152344,61.0,1.0,0.30685821175575256,1650185639.4101691,1650185654.087985
1650185654.2467895,42.56249237060547,61.0,1.0,0.2779923677444458,1650185654.2467895,1650185671.6799798
1650185671.9535086,42.5091667175293,61.0,0.556640625,0.3125,1650185671.9535086,1650185686.3268785
1650185686.5099764,43.625518798828125,61.0,1.0,0.32141217589378357,1650185686.5099764,1650185699.8737144
1650185700.2841344,39.488277435302734,61.0,1.0,0.29335731267929077,1650185700.2841344,1650185717.200548
1650185717.4315853,40.39786911010742,61.0,1.0,0.2629758417606354,1650185717.4315853,1650185737.482148
1650185737.740105,41.02909469604492,61.0,1.0,0.3175003230571747,1650185737.740105,1650185751.657058
1650185751.947575,43.2662467956543,61.0,1.0,0.27116307616233826,1650185751.947575,1650185769.374554
1650185769.4878354,40.89419937133789,61.0,0.40634921193122864,0.28171807527542114,1650185769.4878354,1650185786.9719777
1650185787.2167664,43.28854751586914,61.0,1.0,0.322748601436615,1650185787.2167664,1650185800.430423
1650185800.6652768,53.38515853881836,61.0,0.3139534890651703,0.26958194375038147,1650185800.6652768,1650185815.8005693
1650185816.0581965,46.55604934692383,61.0,0.3137255012989044,0.2646280527114868,1650185816.0581965,1650185833.4136205
1650185833.6720126,50.80410385131836,61.0,0.9947698712348938,0.22869467735290527,1650185833.6720126,1650185854.221534
1650185854.4111536,48.014305114746094,61.0,0.57485032081604,0.31591200828552246,1650185854.4111536,1650185866.7199857
1650185866.9276705,48.466453552246094,61.0,1.0,0.33671751618385315,1650185866.9276705,1650185877.9662333
1650185878.223762,44.152374267578125,61.0,0.6282051205635071,0.241402268409729,1650185878.223762,1650185899.71751
1650185899.894724,39.41888427734375,61.0,0.692307710647583,0.35805743932724,1650185899.894724,1650185911.9194179
1650185912.3185692,46.10344314575195,61.0,1.0,0.31038543581962585,1650185912.3185692,1650185925.6364465
1650185925.8710823,43.850135803222656,61.0,1.0,0.28867512941360474,1650185925.8710823,1650185941.6521058
1650185941.951022,42.52717590332031,61.0,1.0,0.3454442620277405,1650185941.951022,1650185953.33198
1650185953.4843109,43.45135498046875,61.0,1.0,0.3037283718585968,1650185953.4843109,1650185968.0523264
1650185968.3094165,42.095924377441406,61.0,1.0,0.3795948028564453,1650185968.3094165,1650185978.619203
1650185979.037796,44.22996139526367,61.0,1.0,0.284210205078125,1650185979.037796,1650185995.0224361
1650185995.2926364,44.39091873168945,61.0,1.0,0.3268602192401886,1650185995.2926364,1650186008.0655193
1650186008.3721354,43.2039794921875,61.0,0.6769911646842957,0.3325950503349304,1650186008.3721354,1650186020.6395237
1650186021.0134466,44.288814544677734,61.0,0.5121951103210449,0.27607882022857666,1650186021.0134466,1650186037.428426
1650186037.6048656,45.213932037353516,61.0,1.0,0.2906191051006317,1650186037.6048656,1650186052.7108285
1650186052.9148612,41.110660552978516,61.0,0.679920494556427,0.31528332829475403,1650186052.9148612,1650186067.6798873
1650186068.012372,40.8416748046875,61.0,0.9976798295974731,0.3406013548374176,1650186068.012372,1650186080.7199805
1650186081.1986299,41.67210388183594,61.0,1.0,0.2835239768028259,1650186081.1986299,1650186098.0684278
1650186098.3711703,45.941802978515625,61.0,0.2884615361690521,0.22496064007282257,1650186098.3711703,1650186121.8574052
1650186122.2403896,41.93458938598633,61.0,1.0,0.2803860902786255,1650186122.2403896,1650186139.338447
1650186139.6732419,43.86307144165039,61.0,0.3498098850250244,0.25173667073249817,1650186139.6732419,1650186159.6444838
1650186160.0601315,46.3212776184082,61.0,1.0,0.35179877281188965,1650186160.0601315,1650186170.7895422
1650186170.9805398,42.92075729370117,61.0,0.9825327396392822,0.33040928840637207,1650186170.9805398,1650186183.888048
1650186184.1592405,43.54666519165039,61.0,1.0,0.295398086309433,1650186184.1592405,1650186199.2924314
1650186199.426285,41.811241149902344,61.0,0.6611909866333008,0.32042068243026733,1650186199.426285,1650186213.3938212
1650186213.8781645,46.297157287597656,61.0,1.0,0.3475240170955658,1650186213.8781645,1650186224.9587588
1650186225.3177273,46.636478424072266,61.0,0.780927836894989,0.35897907614707947,1650186225.3177273,1650186235.996064
1650186236.3858786,43.73617935180664,61.0,0.8531317710876465,0.32862040400505066,1650186236.3858786,1650186249.1670587
1650186249.3625221,44.42097091674805,61.0,0.4392220377922058,0.28467047214508057,1650186249.3625221,1650186265.4585228
1650186265.5526257,40.150760650634766,61.0,0.49248120188713074,0.3065696656703949,1650186265.5526257,1650186280.969519
1650186281.1513577,43.05429458618164,61.0,0.6167401075363159,0.3318616449832916,1650186281.1513577,1650186293.6239815
1650186293.8034277,42.82831573486328,61.0,1.0,0.2746175229549408,1650186293.8034277,1650186311.5720465
1650186311.7254584,40.63931655883789,61.0,1.0,0.26880165934562683,1650186311.7254584,1650186330.795661
1650186330.9078267,44.449459075927734,61.0,0.559852659702301,0.30344855785369873,1650186330.9078267,1650186345.2837043
1650186345.5462859,42.81071472167969,61.0,1.0,0.34219294786453247,1650186345.5462859,1650186357.5993435
1650186357.701726,41.08066940307617,61.0,0.6503496766090393,0.3413943648338318,1650186357.701726,1650186370.0919814
1650186370.183273,41.83110046386719,61.0,0.9337016344070435,0.37164705991744995,1650186370.183273,1650186381.15597
1650186381.4440975,41.904354095458984,61.0,1.0,0.3880752623081207,1650186381.4440975,1650186391.5385137
1650186391.691075,41.07051086425781,61.0,0.6864988803863525,0.33825504779815674,1650186391.691075,1650186404.5226667
1650186404.8280458,41.959014892578125,61.0,1.0,0.29748207330703735,1650186404.8280458,1650186420.2716873
1650186420.4963,43.13523483276367,61.0,1.0,0.2826167047023773,1650186420.4963,1650186437.1879914
1650186437.3640454,40.67539596557617,61.0,0.892241358757019,0.32826608419418335,1650186437.3640454,1650186450.8119788
1650186450.9756806,43.175724029541016,61.0,1.0,0.3006923794746399,1650186450.9756806,1650186466.007276
1650186466.369958,42.86154556274414,61.0,1.0,0.3553345203399658,1650186466.369958,1650186477.4288216
1650186477.6086607,43.41751480102539,61.0,1.0,0.3666177988052368,1650186477.6086607,1650186488.571978
1650186488.6826398,40.036643981933594,61.0,0.6739130616188049,0.32969024777412415,1650186488.6826398,1650186502.145306
1650186502.3570719,39.98289108276367,61.0,0.6842105388641357,0.3458572328090668,1650186502.3570719,1650186514.8624208
1650186514.97693,41.92837142944336,61.0,0.6255605220794678,0.3348247706890106,1650186514.97693,1650186528.0945399
1650186528.2700613,46.78679656982422,61.0,0.868852436542511,0.32009220123291016,1650186528.2700613,1650186540.6239738
1650186540.7639291,42.91316223144531,61.0,1.0,0.35578402876853943,1650186540.7639291,1650186552.0425196
1650186552.361822,46.382713317871094,61.0,1.0,0.35623523592948914,1650186552.361822,1650186562.7536242
1650186562.9249332,40.708045959472656,61.0,1.0,0.36760732531547546,1650186562.9249332,1650186574.0529542
1650186574.1969984,43.6818733215332,61.0,0.9289617538452148,0.36961063742637634,1650186574.1969984,1650186585.025288
1650186585.2360463,39.09370803833008,61.0,1.0,0.37635496258735657,1650186585.2360463,1650186596.0817811
1650186596.2681818,43.212223052978516,61.0,1.0,0.3571428656578064,1650186596.2681818,1650186607.3761497
1650186607.5293958,41.47954177856445,61.0,1.0,0.331133097410202,1650186607.5293958,1650186620.5719702
1650186620.6813037,43.04283905029297,61.0,0.7059961557388306,0.3109852075576782,1650186620.6813037,1650186634.5279741
1650186634.73928,38.569217681884766,61.0,1.0,0.3566882014274597,1650186634.73928,1650186646.8992364
1650186646.978175,42.887088775634766,61.0,0.7703016400337219,0.3406013548374176,1650186646.978175,1650186659.1963043
1650186659.290295,42.99274826049805,61.0,0.5323383212089539,0.2879561483860016,1650186659.290295,1650186675.037136
1650186675.1723819,40.81857681274414,61.0,0.4292845129966736,0.28843486309051514,1650186675.1723819,1650186691.6599734
1650186691.87226,43.89951705932617,61.0,1.0,0.34219294786453247,1650186691.87226,1650186704.0819614
1650186704.3230283,46.3897590637207,61.0,0.4612005949020386,0.2705668807029724,1650186704.3230283,1650186721.28798
1650186721.801103,45.529178619384766,61.0,1.0,0.36417850852012634,1650186721.801103,1650186732.036298
1650186732.3354697,43.449851989746094,61.0,0.5543277859687805,0.30344855785369873,1650186732.3354697,1650186746.903989
1650186747.1727583,44.3331413269043,61.0,0.7119341492652893,0.3207501471042633,1650186747.1727583,1650186760.4359741
1650186760.579502,43.430763244628906,61.0,0.6312364339828491,0.32933247089385986,1650186760.579502,1650186773.4505625
1650186773.6949015,41.73286056518555,61.0,0.5498220920562744,0.2982749938964844,1650186773.6949015,1650186789.2701573
1650186789.527763,40.837528228759766,61.0,0.6909871101379395,0.3275609016418457,1650186789.527763,1650186802.60397
1650186802.7728705,43.807106018066406,61.0,1.0,0.3268602192401886,1650186802.7728705,1650186815.7159765
1650186815.937269,45.13127517700195,61.0,0.7605041861534119,0.32410186529159546,1650186815.937269,1650186828.7886672
1650186828.967219,41.607688903808594,61.0,0.48343080282211304,0.3121952712535858,1650186828.967219,1650186843.627971
1650186843.8326988,39.56372833251953,61.0,0.5461393594741821,0.30685821175575256,1650186843.8326988,1650186859.351965
1650186859.581527,45.567626953125,61.0,0.6849894523620605,0.32512804865837097,1650186859.581527,1650186872.0465162
1650186872.2684443,41.30984878540039,61.0,0.9069148898124695,0.3646624684333801,1650186872.2684443,1650186883.5248394
1650186883.7244833,44.87953567504883,61.0,0.7495182752609253,0.31038543581962585,1650186883.7244833,1650186897.3164244
1650186897.64004,42.63282012939453,61.0,1.0,0.33786869049072266,1650186897.64004,1650186909.8137593
1650186910.0085673,42.793914794921875,61.0,1.0,0.30772873759269714,1650186910.0085673,1650186924.5199761
1650186924.7733583,42.11585235595703,61.0,0.523809552192688,0.2916059195995331,1650186924.7733583,1650186940.4681613
1650186940.6102087,41.09900665283203,61.0,1.0,0.29310518503189087,1650186940.6102087,1650186956.8879743
1650186957.0961792,41.330379486083984,61.0,1.0,0.327210009098053,1650186957.0961792,1650186970.451973
1650186970.6123376,42.23921203613281,61.0,1.0,0.31782087683677673,1650186970.6123376,1650186984.3199794
1650186984.4852045,41.390506744384766,61.0,1.0,0.31654447317123413,1650186984.4852045,1650186998.7155213
1650186998.9081235,42.2009162902832,61.0,1.0,0.33004918694496155,1650186998.9081235,1650187011.8936236
1650187012.29347,43.258094787597656,61.0,0.48363634943962097,0.30151134729385376,1650187012.29347,1650187027.2039745
1650187027.4941046,41.62798309326172,61.0,1.0,0.3785055875778198,1650187027.4941046,1650187038.1359847
1650187038.3807292,43.00099563598633,61.0,1.0,0.3622617721557617,1650187038.3807292,1650187049.0316455
1650187049.2252889,41.50543212890625,61.0,1.0,0.31654447317123413,1650187049.2252889,1650187063.5848548
1650187063.7350554,41.51477813720703,61.0,1.0,0.36369648575782776,1650187063.7350554,1650187074.959974
1650187075.1349335,42.02842330932617,61.0,1.0,0.36417850852012634,1650187075.1349335,1650187086.4368083
1650187086.661471,43.70396423339844,61.0,1.0,0.3337043225765228,1650187086.661471,1650187098.9029238
1650187099.0894842,43.08427429199219,61.0,0.5771324634552002,0.3012376129627228,1650187099.0894842,1650187113.7119894
1650187113.8694274,43.30010223388672,61.0,0.9155672788619995,0.363216370344162,1650187113.8694274,1650187124.8855674
1650187125.0005128,46.65545654296875,61.0,1.0,0.3054236173629761,1650187125.0005128,1650187138.246552
1650187138.4467056,43.85873794555664,61.0,1.0,0.34020692110061646,1650187138.4467056,1650187150.4625556
1650187150.7031686,45.75387191772461,61.0,1.0,0.30978909134864807,1650187150.7031686,1650187163.969805
1650187164.0582435,42.030052185058594,61.0,0.5503597259521484,0.2998800575733185,1650187164.0582435,1650187179.4519906
1650187179.6114433,42.57478332519531,61.0,0.5543131232261658,0.2826167047023773,1650187179.6114433,1650187196.2879815
1650187196.408431,40.32799530029297,61.0,0.46065574884414673,0.2862991690635681,1650187196.408431,1650187213.4685397
1650187213.6394422,46.75440979003906,61.0,1.0,0.35578402876853943,1650187213.6394422,1650187224.012795
1650187224.260463,42.952537536621094,61.0,0.570902407169342,0.30344855785369873,1650187224.260463,1650187238.8114073
1650187238.9628081,42.33589553833008,61.0,1.0,0.3042903244495392,1650187238.9628081,1650187253.3005228
1650187253.5382607,44.95939636230469,61.0,1.0,0.34219294786453247,1650187253.5382607,1650187264.9485562
1650187265.138581,45.06674575805664,61.0,1.0,0.2969569265842438,1650187265.138581,1650187279.6503894
1650187279.880983,40.30429458618164,61.0,1.0,0.33296358585357666,1650187279.880983,1650187293.551983
1650187293.8168945,48.201744079589844,61.0,1.0,0.359907865524292,1650187293.8168945,1650187304.0239942
1650187304.327305,43.28074264526367,61.0,1.0,0.33004918694496155,1650187304.327305,1650187317.1505597
1650187317.2592154,41.490421295166016,61.0,0.7842105031013489,0.36273813247680664,1650187317.2592154,1650187328.6353354
1650187328.8886445,41.48134231567383,61.0,0.6137787103652954,0.32308533787727356,1650187328.8886445,1650187342.629762
1650187342.8218167,39.59821701049805,61.0,0.7504950761795044,0.31465837359428406,1650187342.8218167,1650187357.7719846
1650187357.9791,42.966339111328125,61.0,1.0,0.2928537130355835,1650187357.9791,1650187373.595976
1650187373.865606,41.450233459472656,61.0,1.0,0.3823595643043518,1650187373.865606,1650187384.335993
1650187384.4729488,42.06546401977539,61.0,0.9766990542411804,0.31158846616744995,1650187384.4729488,1650187399.1405628
1650187399.2872581,40.32422637939453,61.0,1.0,0.386333703994751,1650187399.2872581,1650187409.5292397
1650187409.7104974,41.148414611816406,61.0,1.0,0.33981382846832275,1650187409.7104974,1650187422.3719811
1650187422.6359828,40.868011474609375,61.0,1.0,0.36711156368255615,1650187422.6359828,1650187433.6959777
1650187433.8448045,45.233070373535156,61.0,1.0,0.3571428656578064,1650187433.8448045,1650187444.898664
1650187445.14651,44.754974365234375,61.0,0.7728118896484375,0.30513909459114075,1650187445.14651,1650187459.1784701
1650187459.302008,43.913787841796875,61.0,0.4228486716747284,0.27236735820770264,1650187459.302008,1650187476.8363645
1650187477.1547282,42.96389389038086,61.0,1.0,0.3048553764820099,1650187477.1547282,1650187492.1207838
1650187492.5189083,42.096187591552734,61.0,1.0,0.3752933144569397,1650187492.5189083,1650187503.2562225
1650187503.3837068,42.16158676147461,61.0,1.0,0.3840476870536804,1650187503.3837068,1650187513.4639723
1650187513.6326492,39.371360778808594,61.0,0.6310483813285828,0.3175003230571747,1650187513.6326492,1650187528.2879713
1650187528.4299653,43.95004653930664,61.0,1.0,0.3553345203399658,1650187528.4299653,1650187539.4879742
1650187539.5457323,42.93989944458008,61.0,1.0,0.363216370344162,1650187539.5457323,1650187550.4679751
1650187550.5647507,41.36330032348633,61.0,0.7228381633758545,0.33296358585357666,1650187550.5647507,1650187563.6439774
1650187563.7978497,41.68098831176758,61.0,0.6902834177017212,0.3181423842906952,1650187563.7978497,1650187577.425166
1650187577.5809824,42.270206451416016,61.0,1.0,0.3409971594810486,1650187577.5809824,1650187589.9774206
1650187590.19094,40.9847412109375,61.0,1.0,0.3823595643043518,1650187590.19094,1650187600.4630556
1650187600.625625,46.62396240234375,61.0,1.0,0.3134195804595947,1650187600.625625,1650187613.5159922
1650187613.69393,43.79613494873047,61.0,1.0,0.3571428656578064,1650187613.69393,1650187624.7679663
1650187624.865584,45.736698150634766,61.0,0.5017064809799194,0.292103111743927,1650187624.865584,1650187639.6239731
1650187639.8139365,41.924930572509766,61.0,1.0,0.3121952712535858,1650187639.8139365,1650187653.9105604
1650187654.2097404,41.990257263183594,61.0,1.0,0.28867512941360474,1650187654.2097404,1650187670.403973
1650187670.5264401,39.29130172729492,61.0,1.0,0.35578402876853943,1650187670.5264401,1650187682.691982
1650187682.9244688,39.975955963134766,61.0,1.0,0.381246417760849,1650187682.9244688,1650187693.7559798
1650187694.0115697,43.44074630737305,61.0,0.6189624071121216,0.29907429218292236,1650187694.0115697,1650187708.744282
1650187708.9216712,44.84957504272461,61.0,1.0,0.27885568141937256,1650187708.9216712,1650187725.1760063
1650187725.340045,45.291893005371094,61.0,1.0,0.327210009098053,1650187725.340045,1650187737.6159728
1650187738.0182245,44.0658073425293,61.0,1.0,0.3359565734863281,1650187738.0182245,1650187750.4087837
1650187750.7040265,44.4085807800293,61.0,1.0,0.33407655358314514,1650187750.7040265,1650187763.0439842
1650187763.2240129,39.65291213989258,61.0,0.5161290168762207,0.32791292667388916,1650187763.2240129,1650187777.1952446
1650187777.4040427,38.30931091308594,61.0,1.0,0.3829197883605957,1650187777.4040427,1650187788.445745
1650187788.6653569,41.8375244140625,61.0,0.6456400752067566,0.3045724630355835,1650187788.6653569,1650187803.4367857
1650187803.7166433,39.591331481933594,61.0,1.0,0.381246417760849,1650187803.7166433,1650187814.223994
1650187814.431101,39.5389289855957,61.0,1.0,0.30289125442504883,1650187814.431101,1650187830.0359755
1650187830.2114637,41.30261993408203,61.0,1.0,0.34259435534477234,1650187830.2114637,1650187842.631983
1650187842.8949423,40.49346160888672,61.0,1.0,0.3823595643043518,1650187842.8949423,1650187853.6127222
1650187853.9880962,45.39667510986328,61.0,1.0,0.3479444980621338,1650187853.9880962,1650187864.8919785
1650187865.0330007,41.49779510498047,61.0,1.0,0.3608439266681671,1650187865.0330007,1650187876.6239777
1650187876.965709,41.847747802734375,61.0,0.5248091816902161,0.3089010417461395,1650187876.965709,1650187891.4945679
1650187891.8666754,45.88821792602539,61.0,1.0,0.31528332829475403,1650187891.8666754,1650187904.724006
1650187904.8926737,42.53254318237305,61.0,0.4354838728904724,0.2839809060096741,1650187904.8926737,1650187921.6092856
1650187921.96534,42.38349151611328,61.0,1.0,0.28216633200645447,1650187921.96534,1650187939.2362156
1650187939.4765084,42.41071319580078,61.0,0.4747826159000397,0.2948839068412781,1650187939.4765084,1650187955.227246
1650187955.3997579,44.4044189453125,61.0,0.4708520174026489,0.2733832895755768,1650187955.3997579,1650187972.7178535
1650187972.8502188,38.680267333984375,61.0,1.0,0.29880714416503906,1650187972.8502188,1650187989.344417
1650187989.4977608,41.026817321777344,61.0,0.5056390762329102,0.3065696656703949,1650187989.4977608,1650188004.8291967
1650188005.1174066,42.93803787231445,61.0,0.5878003835678101,0.30400896072387695,1650188005.1174066,1650188019.7897124
1650188020.0009756,43.51872634887695,61.0,0.6972281336784363,0.32651156187057495,1650188020.0009756,1650188032.891978
1650188032.9826455,41.000770568847656,61.0,0.6202531456947327,0.32478490471839905,1650188032.9826455,1650188046.738484
1650188047.166229,40.63174057006836,61.0,1.0,0.3322277367115021,1650188047.166229,1650188060.185607
1650188060.276504,41.64595031738281,61.0,0.5959031581878662,0.30513909459114075,1650188060.276504,1650188075.3079774
1650188075.6235113,45.656192779541016,61.0,1.0,0.34503278136253357,1650188075.6235113,1650188086.8158593
1650188086.9374502,43.11503601074219,61.0,1.0,0.3857583701610565,1650188086.9374502,1650188097.1195128
1650188097.3104546,43.14551544189453,61.0,1.0,0.3726779818534851,1650188097.3104546,1650188107.856162
1650188107.9995964,41.388248443603516,61.0,1.0,0.31654447317123413,1650188107.9995964,1650188122.4239807
1650188122.661869,40.52122116088867,61.0,1.0,0.3617872893810272,1650188122.661869,1650188134.0879812
1650188134.3278892,42.57685852050781,61.0,0.677480936050415,0.3089010417461395,1650188134.3278892,1650188148.6784084
1650188148.785934,46.719573974609375,61.0,0.6393728256225586,0.29514065384864807,1650188148.785934,1650188163.2980528
1650188163.4616232,39.948387145996094,61.0,0.5254237055778503,0.32547226548194885,1650188163.4616232,1650188177.679969
1650188177.798349,41.137733459472656,61.0,0.5827338099479675,0.34627169370651245,1650188177.798349,1650188189.9769487
1650188190.2273962,41.974063873291016,61.0,0.7041564583778381,0.3496417999267578,1650188190.2273962,1650188202.258635
1650188202.4087567,46.31863784790039,61.0,0.834482729434967,0.33903175592422485,1650188202.4087567,1650188213.9375935
1650188214.0806265,42.348541259765625,61.0,0.8521303534507751,0.3539961576461792,1650188214.0806265,1650188225.5095913
1650188225.7400846,45.72623825073242,61.0,1.0,0.35759925842285156,1650188225.7400846,1650188236.3685555
1650188236.567841,43.348628997802734,61.0,1.0,0.3109852075576782,1650188236.567841,1650188250.5936596
1650188250.7990563,42.283756256103516,61.0,1.0,0.30978909134864807,1650188250.7990563,1650188265.3909478
1650188265.638816,42.303062438964844,61.0,0.46226415038108826,0.3071475625038147,1650188265.638816,1650188280.4367986
1650188280.6184707,43.033023834228516,61.0,1.0,0.36131468415260315,1650188280.6184707,1650188291.6100287
1650188291.7775223,42.235496520996094,61.0,1.0,0.37216147780418396,1650188291.7775223,1650188302.4557445
1650188302.6834373,44.45902633666992,61.0,1.0,0.3471050560474396,1650188302.6834373,1650188314.0871954
1650188314.2672956,41.36642837524414,61.0,1.0,0.31189143657684326,1650188314.2672956,1650188328.7959847
1650188329.0277724,42.71296310424805,61.0,1.0,0.29514065384864807,1650188329.0277724,1650188344.4095197
1650188344.5344005,43.7528190612793,61.0,0.6156716346740723,0.3054236173629761,1650188344.5344005,1650188358.7506273
1650188358.9039726,47.772010803222656,61.0,1.0,0.3413943648338318,1650188358.9039726,1650188369.9355369
1650188370.1487017,43.67817306518555,61.0,0.8414322137832642,0.35759925842285156,1650188370.1487017,1650188381.4815934
1650188381.750158,44.1735725402832,61.0,0.7425968050956726,0.33748364448547363,1650188381.750158,1650188393.748282
1650188394.0016038,40.88265609741211,61.0,1.0,0.38691163063049316,1650188394.0016038,1650188404.2993696
1650188404.4829767,43.9000129699707,61.0,1.0,0.30599501729011536,1650188404.4829767,1650188418.4237475
1650188418.6376991,42.5943489074707,61.0,1.0,0.32616403698921204,1650188418.6376991,1650188431.6675963
1650188431.917884,40.89574432373047,61.0,1.0,0.31559720635414124,1650188431.917884,1650188446.5159805
1650188446.7826257,43.53056716918945,61.0,0.44694533944129944,0.2835239768028259,1650188446.7826257,1650188463.1159756
1650188463.3645573,44.6356201171875,61.0,1.0,0.31465837359428406,1650188463.3645573,1650188476.6723144
1650188476.844402,40.421478271484375,61.0,1.0,0.27399832010269165,1650188476.844402,1650188495.2009788
1650188495.4672642,41.47488021850586,61.0,0.42003515362739563,0.29643458127975464,1650188495.4672642,1650188511.3322885
1650188511.5152702,43.65748596191406,61.0,0.7813953757286072,0.3409971594810486,1650188511.5152702,1650188523.5406995
1650188523.8181791,41.472599029541016,61.0,1.0,0.3622617721557617,1650188523.8181791,1650188535.3679733
1650188535.5477126,42.59161376953125,61.0,0.9046321511268616,0.3691067397594452,1650188535.5477126,1650188546.277524
1650188546.530107,42.36478805541992,61.0,1.0,0.2977456748485565,1650188546.530107,1650188562.0146642
1650188562.1597936,44.29874801635742,61.0,0.8930232524871826,0.3409971594810486,1650188562.1597936,1650188573.8079784
1650188573.9536557,40.501800537109375,61.0,1.0,0.38691163063049316,1650188573.9536557,1650188584.0519724
1650188584.184753,40.8278694152832,61.0,1.0,0.3840476870536804,1650188584.184753,1650188595.0351849
1650188595.2265768,40.617000579833984,61.0,0.9418344497680664,0.33445003628730774,1650188595.2265768,1650188608.6199832
1650188608.7684495,43.788604736328125,61.0,0.5307971239089966,0.3009646236896515,1650188608.7684495,1650188623.5439837
1650188623.7452075,40.3914794921875,61.0,1.0,0.3268602192401886,1650188623.7452075,1650188637.3124254
1650188637.523633,42.79734420776367,61.0,0.5661764740943909,0.30316951870918274,1650188637.523633,1650188652.1039765
1650188652.4544795,43.961090087890625,61.0,1.0,0.2891574800014496,1650188652.4544795,1650188668.286662
1650188668.6105413,41.7680549621582,61.0,0.6698564887046814,0.3458572328090668,1650188668.6105413,1650188680.6292956
1650188680.9403586,41.32644271850586,61.0,1.0,0.32581761479377747,1650188680.9403586,1650188694.6361902
1650188694.8288405,41.54181671142578,61.0,0.9858155846595764,0.2977456748485565,1650188694.8288405,1650188710.6442292
1650188710.8443785,42.70714569091797,61.0,1.0,0.31158846616744995,1650188710.8443785,1650188724.635982
1650188724.766551,40.47214889526367,61.0,1.0,0.35093119740486145,1650188724.766551,1650188737.318393
1650188737.4373739,44.875980377197266,61.0,0.44087839126586914,0.2906191051006317,1650188737.4373739,1650188752.701665
1650188752.9469795,45.09033203125,61.0,1.0,0.3496417999267578,1650188752.9469795,1650188763.8584092
1650188764.1779768,42.45869064331055,61.0,0.800000011920929,0.3535533845424652,1650188764.1779768,1650188775.8599193
1650188776.0921698,42.00191879272461,61.0,1.0,0.3394221067428589,1650188776.0921698,1650188788.5439813
1650188788.6473253,40.025543212890625,61.0,0.8263157606124878,0.36273813247680664,1650188788.6473253,1650188800.1399865
1650188800.3333983,45.99044418334961,61.0,1.0,0.35223498940467834,1650188800.3333983,1650188811.161735
1650188811.4130418,38.14432907104492,61.0,0.8358974456787109,0.35805743932724,1650188811.4130418,1650188823.6297987
1650188823.7922418,42.83382797241211,61.0,1.0,0.29514065384864807,1650188823.7922418,1650188839.223971
1650188839.5405352,42.04719543457031,61.0,0.6472545862197876,0.28843486309051514,1650188839.5405352,1650188855.8079698
1650188856.0515091,42.19661331176758,61.0,1.0,0.3417929708957672,1650188856.0515091,1650188868.279979
1650188868.5114574,41.10870361328125,61.0,1.0,0.31465837359428406,1650188868.5114574,1650188882.8879747
1650188883.1450498,41.59413528442383,61.0,1.0,0.36417850852012634,1650188883.1450498,1650188894.0119662
1650188894.1526124,45.23186492919922,61.0,1.0,0.29591497778892517,1650188894.1526124,1650188908.7662036
1650188909.1183944,43.960147857666016,61.0,1.0,0.35311228036880493,1650188909.1183944,1650188920.3330972
1650188920.6168427,47.19041442871094,61.0,1.0,0.3594425916671753,1650188920.6168427,1650188930.8519719
1650188931.0140297,42.58704376220703,61.0,0.40681004524230957,0.29934215545654297,1650188931.0140297,1650188946.1125185
1650188946.3135657,42.20908737182617,61.0,0.790123462677002,0.3513641953468323,1650188946.3135657,1650188958.609496
1650188958.9608421,44.44321060180664,61.0,0.7849686741828918,0.32308533787727356,1650188958.9608421,1650188972.123707
1650188972.4052703,41.480220794677734,61.0,0.5588235259056091,0.30316951870918274,1650188972.4052703,1650188987.834311
1650188987.9657774,40.6802978515625,61.0,0.5053191781044006,0.2977456748485565,1650188987.9657774,1650189003.9440284
1650189004.1006074,43.75981140136719,61.0,1.0,0.35623523592948914,1650189004.1006074,1650189015.3666523
1650189015.672535,42.86949920654297,61.0,0.4874791204929352,0.2889159917831421,1650189015.672535,1650189031.4879751
1650189031.5896096,41.971622467041016,61.0,0.7350835204124451,0.3454442620277405,1650189031.5896096,1650189043.8359795
1650189044.0778897,44.58082962036133,61.0,0.8880208134651184,0.3608439266681671,1650189044.0778897,1650189054.7999873
1650189055.0643756,43.093284606933594,61.0,0.41304346919059753,0.3009646236896515,1650189055.0643756,1650189070.5424247
1650189070.7167768,40.48903274536133,61.0,0.6963123679161072,0.32933247089385986,1650189070.7167768,1650189083.8808355
1650189084.0900905,43.48659133911133,61.0,1.0,0.3548867106437683,1650189084.0900905,1650189095.127976
1650189095.3780575,43.83165740966797,61.0,1.0,0.3048553764820099,1650189095.3780575,1650189109.659973
1650189109.760553,41.01947021484375,61.0,0.6908315420150757,0.32651156187057495,1650189109.760553,1650189123.4126058
1650189123.556037,44.21794128417969,61.0,1.0,0.36612600088119507,1650189123.556037,1650189134.049515
1650189134.2612336,39.743507385253906,61.0,1.0,0.3168621361255646,1650189134.2612336,1650189148.879973
1650189149.1128979,44.0814208984375,61.0,0.6863468885421753,0.3037283718585968,1650189149.1128979,1650189163.2912068
1650189163.4034257,41.628334045410156,61.0,0.7653061151504517,0.31943827867507935,1650189163.4034257,1650189177.0479784
1650189177.2804332,43.29229736328125,61.0,1.0,0.33671751618385315,1650189177.2804332,1650189189.7999816
1650189189.9889593,43.84781265258789,61.0,0.5659229159355164,0.31846487522125244,1650189189.9889593,1650189203.467397
1650189203.5585778,42.78822326660156,61.0,0.4792993664741516,0.28216633200645447,1650189203.5585778,1650189220.5959766
1650189220.7965467,43.335968017578125,61.0,1.0,0.2851329743862152,1650189220.7965467,1650189237.249392
1650189237.4639025,40.147769927978516,61.0,0.4819277226924896,0.2744106352329254,1650189237.4639025,1650189256.1199815
1650189256.3197286,42.952125549316406,61.0,1.0,0.28676965832710266,1650189256.3197286,1650189272.5470982
1650189272.747831,43.13062286376953,61.0,1.0,0.2998800575733185,1650189272.747831,1650189287.5864763
1650189287.784002,42.96177291870117,61.0,0.4811320900917053,0.2803860902786255,1650189287.784002,1650189304.7060218
1650189304.8175206,38.622886657714844,61.0,0.6331658363342285,0.3544405996799469,1650189304.8175206,1650189317.271277
1650189317.5092692,41.77750015258789,61.0,1.0,0.3608439266681671,1650189317.5092692,1650189328.8072171
1650189329.0022676,46.11174011230469,61.0,1.0,0.30772873759269714,1650189329.0022676,1650189342.5129268
1650189342.9032989,44.70186996459961,61.0,1.0,0.3006923794746399,1650189342.9032989,1650189357.2203732
1650189357.3888123,39.315364837646484,61.0,0.5179283022880554,0.31559720635414124,1650189357.3888123,1650189372.471974
1650189372.6647725,40.75129699707031,61.0,0.685071587562561,0.31976473331451416,1650189372.6647725,1650189386.6275187
1650189386.8750353,43.50940704345703,61.0,1.0,0.33825504779815674,1650189386.8750353,1650189399.171227
1650189399.5242245,53.42692565917969,61.0,1.0,0.24768869578838348,1650189399.5242245,1650189416.463249
1650189416.657061,48.81681823730469,61.0,0.5244956612586975,0.26841405034065247,1650189416.657061,1650189432.819523
1650189432.908338,46.95139694213867,61.0,1.0,0.36417850852012634,1650189432.908338,1650189443.1742733
1650189443.6408513,50.604671478271484,61.0,1.0,0.3307706117630005,1650189443.6408513,1650189454.6279795
1650189454.780132,48.50513458251953,61.0,1.0,0.3539961576461792,1650189454.780132,1650189464.9852376
1650189465.24244,44.74432373046875,61.0,1.0,0.3325950503349304,1650189465.24244,1650189477.0875182
1650189477.253583,44.75351333618164,61.0,1.0,0.27399832010269165,1650189477.253583,1650189494.0120444
1650189494.300194,43.557167053222656,61.0,0.6645299196243286,0.3268602192401886,1650189494.300194,1650189507.0879862
1650189507.328254,41.66756057739258,61.0,0.9388646483421326,0.33040928840637207,1650189507.328254,1650189520.3839734
1650189520.6262348,45.250614166259766,61.0,0.8325991034507751,0.3318616449832916,1650189520.6262348,1650189532.6260715
1650189532.8192422,43.22220993041992,61.0,0.5690721869468689,0.32108065485954285,1650189532.8192422,1650189546.3076782
1650189546.599363,46.83892822265625,61.0,0.6528599858283997,0.31403714418411255,1650189546.599363,1650189559.5159698
1650189559.8730142,43.457069396972656,61.0,1.0,0.31008684635162354,1650189559.8730142,1650189573.886845
1650189573.9991343,43.17729949951172,61.0,0.505415141582489,0.300420880317688,1650189573.9991343,1650189589.0996618
1650189589.2250357,40.349971771240234,61.0,1.0,0.3834824860095978,1650189589.2250357,1650189599.7578812
1650189599.9076986,42.068763732910156,61.0,0.39416059851646423,0.2701716125011444,1650189599.9076986,1650189618.163524
1650189618.4306087,42.15030288696289,61.0,1.0,0.30919620394706726,1650189618.4306087,1650189632.6891062
1650189632.9214926,44.278865814208984,61.0,0.7924151420593262,0.31591200828552246,1650189632.9214926,1650189646.4719753
1650189646.6940365,40.54407501220703,61.0,0.7368420958518982,0.3181423842906952,1650189646.6940365,1650189660.580159
1650189660.751732,39.52383804321289,61.0,1.0,0.3646624684333801,1650189660.751732,1650189672.0613627
1650189672.1575885,41.55427169799805,61.0,0.694779098033905,0.3168621361255646,1650189672.1575885,1650189686.1152384
1650189686.2845883,43.21824645996094,61.0,1.0,0.3651483654975891,1650189686.2845883,1650189697.3215935
1650189697.4902315,46.35626983642578,61.0,1.0,0.34503278136253357,1650189697.4902315,1650189708.4919794
1650189708.7653167,43.39580154418945,61.0,1.0,0.35623523592948914,1650189708.7653167,1650189719.9415128
1650189720.1659157,41.09249496459961,61.0,1.0,0.3234231173992157,1650189720.1659157,1650189734.0127258
1650189734.3366761,46.01321029663086,61.0,0.4751286506652832,0.2928537130355835,1650189734.3366761,1650189748.8759787
1650189749.0735059,40.52154541015625,61.0,0.7939560413360596,0.3706246614456177,1650189749.0735059,1650189760.524204
1650189760.7862554,42.45547866821289,61.0,0.7241992950439453,0.2982749938964844,1650189760.7862554,1650189775.907979
1650189776.1197927,44.204437255859375,61.0,1.0,0.3471050560474396,1650189776.1197927,1650189787.6118522
1650189787.7436662,45.15399169921875,61.0,0.7202505469322205,0.32308533787727356,1650189787.7436662,1650189800.4557204
1650189800.6176605,40.49020004272461,61.0,1.0,0.39777863025665283,1650189800.6176605,1650189810.768265
1650189811.006553,42.982826232910156,61.0,0.9639830589294434,0.32547226548194885,1650189811.006553,1650189824.3141932
1650189824.597813,44.7354736328125,61.0,0.841176450252533,0.27116307616233826,1650189824.597813,1650189841.675982
1650189841.8348744,44.834720611572266,61.0,1.0,0.33407655358314514,1650189841.8348744,1650189854.2359776
1650189854.526935,44.23735427856445,61.0,1.0,0.37216147780418396,1650189854.526935,1650189864.5637014
1650189864.737956,42.64155578613281,61.0,1.0,0.3594425916671753,1650189864.737956,1650189875.6428113
1650189875.9098814,45.01034164428711,61.0,0.9259259104728699,0.36369648575782776,1650189875.9098814,1650189886.729617
1650189887.066485,43.67201232910156,61.0,0.6533018946647644,0.34340140223503113,1650189887.066485,1650189898.6299543
1650189898.8235946,40.86845016479492,61.0,0.5447154641151428,0.3187883496284485,1650189898.8235946,1650189912.6239712
1650189912.8538663,45.479698181152344,61.0,1.0,0.3109852075576782,1650189912.8538663,1650189926.332408
1650189926.527533,42.75884246826172,61.0,0.6049895882606506,0.3224129378795624,1650189926.527533,1650189939.9516573
1650189940.3769743,44.541107177734375,61.0,1.0,0.33981382846832275,1650189940.3769743,1650189951.8719742
1650189952.0493402,45.80275344848633,61.0,0.880630612373352,0.3355780243873596,1650189952.0493402,1650189964.0791845
1650189964.3775628,44.110992431640625,61.0,1.0,0.2998800575733185,1650189964.3775628,1650189979.2491398
1650189979.4512198,45.28495788574219,61.0,1.0,0.35578402876853943,1650189979.4512198,1650189990.382002
1650189990.630071,40.93056106567383,61.0,1.0,0.3990434408187866,1650189990.630071,1650190000.7203305
1650190000.8512814,43.92988204956055,61.0,1.0,0.3513641953468323,1650190000.8512814,1650190011.7322578
1650190011.8778536,43.07838439941406,61.0,1.0,0.31128638982772827,1650190011.8778536,1650190025.945234
1650190026.0869083,43.47438049316406,61.0,0.7183098793029785,0.34259435534477234,1650190026.0869083,1650190038.1399837
1650190038.2797835,42.39268112182617,61.0,1.0,0.3851855993270874,1650190038.2797835,1650190048.4466326
1650190048.7474036,40.63861083984375,61.0,1.0,0.3959037959575653,1650190048.7474036,1650190058.9839737
1650190059.121686,41.77494812011719,61.0,0.5892472863197327,0.32791292667388916,1650190059.121686,1650190072.095969
1650190072.252968,43.12614059448242,61.0,0.8441558480262756,0.3045724630355835,1650190072.252968,1650190086.4902725
1650190086.6148903,44.512107849121094,61.0,0.7405940890312195,0.31465837359428406,1650190086.6148903,1650190100.0943692
1650190100.3735456,42.69160842895508,61.0,1.0,0.32933247089385986,1650190100.3735456,1650190113.1395204
1650190113.4712532,46.1955680847168,61.0,1.0,0.3594425916671753,1650190113.4712532,1650190124.099978
1650190124.2548583,43.14201736450195,61.0,0.6214689016342163,0.30685821175575256,1650190124.2548583,1650190138.8346121
1650190138.9657118,44.0523681640625,61.0,0.7204301357269287,0.29934215545654297,1650190138.9657118,1650190154.0159817
1650190154.1275506,46.577796936035156,61.0,0.6349514722824097,0.31158846616744995,1650190154.1275506,1650190167.073633
1650190167.3190243,40.59929656982422,61.0,0.4840989410877228,0.2972191572189331,1650190167.3190243,1650190183.3045232
1650190183.4884322,45.4525032043457,61.0,0.8527131676673889,0.3594425916671753,1650190183.4884322,1650190194.2029133
1650190194.5549512,41.3209228515625,61.0,1.0,0.32547226548194885,1650190194.5549512,1650190208.3010137
1650190208.5809064,43.60432052612305,61.0,1.0,0.3823595643043518,1650190208.5809064,1650190218.7175167
1650190219.0002394,41.19913864135742,61.0,0.7222222089767456,0.36369648575782776,1650190219.0002394,1650190230.6266956
1650190230.94128,44.24562454223633,61.0,0.9661017060279846,0.3479444980621338,1650190230.94128,1650190242.6260514
1650190242.7779436,37.76694869995117,61.0,0.7352941036224365,0.3656361997127533,1650190242.7779436,1650190254.8255143
1650190254.9986908,39.323463439941406,61.0,1.0,0.359907865524292,1650190254.9986908,1650190266.899982
1650190267.012887,43.02263641357422,61.0,1.0,0.31782087683677673,1650190267.012887,1650190280.4011881
1650190280.6474512,42.423851013183594,61.0,1.0,0.3318616449832916,1650190280.6474512,1650190293.4232829
1650190293.503879,42.59906768798828,61.0,0.6279569864273071,0.32791292667388916,1650190293.503879,1650190306.626232
1650190306.8388495,39.49010467529297,61.0,0.6545454263687134,0.31782087683677673,1650190306.8388495,1650190320.9689722
1650190321.166471,43.8387336730957,61.0,1.0,0.3045724630355835,1650190321.166471,1650190335.7426224
1650190335.9501865,43.008121490478516,61.0,0.8262805938720703,0.3337043225765228,1650190335.9501865,1650190348.6919656
1650190348.9242594,45.370216369628906,61.0,0.7535211443901062,0.34259435534477234,1650190348.9242594,1650190360.627973
1650190360.791258,45.49772262573242,61.0,0.5662878751754761,0.30772873759269714,1650190360.791258,1650190374.4402926
1650190374.5732708,44.027320861816406,61.0,0.5299625396728516,0.30599501729011536,1650190374.5732708,1650190389.2005515
1650190389.4675581,44.21822738647461,61.0,0.799035370349884,0.2835239768028259,1650190389.4675581,1650190405.6599755
1650190405.7523844,40.16179656982422,61.0,0.5665962100028992,0.32512804865837097,1650190405.7523844,1650190419.6959836
1650190419.8442085,41.189762115478516,61.0,0.7281553149223328,0.34836649894714355,1650190419.8442085,1650190432.0559807
1650190432.210647,44.10837936401367,61.0,1.0,0.3137279152870178,1650190432.210647,1650190445.8135042
1650190446.0040536,43.122013092041016,61.0,0.547993004322052,0.295398086309433,1650190446.0040536,1650190461.286272
1650190461.512589,42.109928131103516,61.0,1.0,0.2839809060096741,1650190461.512589,1650190478.6819372
1650190479.0594182,39.858863830566406,61.0,1.0,0.36612600088119507,1650190479.0594182,1650190490.2990763
1650190490.494039,43.54887008666992,61.0,1.0,0.33786869049072266,1650190490.494039,1650190502.8479757
1650190502.948334,42.253623962402344,61.0,1.0,0.3747658431529999,1650190502.948334,1650190513.4799752
1650190513.668878,42.992828369140625,61.0,1.0,0.3571428656578064,1650190513.668878,1650190524.8102708
1650190525.0111923,42.4364013671875,61.0,0.7596899271011353,0.3594425916671753,1650190525.0111923,1650190536.2279773
1650190552.6641712,43.11790084838867,60.0,0.45601174235343933,0.27076518535614014,1650190552.6641712,1650190570.4757996
1650190570.8131864,45.67459487915039,60.0,0.4948805570602417,0.292103111743927,1650190570.8131864,1650190585.2194448
1650190585.3205192,39.1945915222168,60.0,0.5525362491607666,0.3009646236896515,1650190585.3205192,1650190601.1135144
1650190601.3102922,42.02717590332031,60.0,0.7614213228225708,0.35623523592948914,1650190601.3102922,1650190613.135974
1650190613.37842,45.74472427368164,60.0,1.0,0.30513909459114075,1650190613.37842,1650190627.3035233
1650190627.37436,40.34309005737305,60.0,0.5811808109283447,0.3037283718585968,1650190627.37436,1650190642.7425435
1650190642.8909917,42.259037017822266,60.0,1.0,0.36273813247680664,1650190642.8909917,1650190653.8472285
1650190654.025079,45.47024154663086,60.0,0.8912621140480042,0.31158846616744995,1650190654.025079,1650190667.418454
1650190667.6672957,41.5841178894043,60.0,0.9257642030715942,0.33040928840637207,1650190667.6672957,1650190680.6289744
1650190680.8025267,41.138675689697266,60.0,0.5396825671195984,0.2969569265842438,1650190680.8025267,1650190696.6999762
1650190696.989629,42.34421157836914,60.0,1.0,0.37113481760025024,1650190696.989629,1650190707.6876674
1650190720.998552,43.291378021240234,61.0,0.6228668689727783,0.292103111743927,1650190720.998552,1650190736.4519758
1650190736.7156103,45.580833435058594,61.0,0.8130630850791931,0.3355780243873596,1650190736.7156103,1650190748.6723905
1650190748.8242764,42.74689865112305,61.0,0.541889488697052,0.29854071140289307,1650190748.8242764,1650190764.0768452
1650190764.2337363,42.697601318359375,61.0,0.6972476840019226,0.3386427164077759,1650190764.2337363,1650190776.5529292
1650190776.6963744,45.22705841064453,61.0,1.0,0.3121952712535858,1650190776.6963744,1650190789.8079948
1650190789.998026,41.635257720947266,61.0,0.7035398483276367,0.3325950503349304,1650190789.998026,1650190803.2079833
1650190803.4626646,41.536903381347656,61.0,1.0,0.3651483654975891,1650190803.4626646,1650190814.5130794
1650190814.6108518,41.537559509277344,61.0,0.6009615659713745,0.3466876149177551,1650190814.6108518,1650190826.6000006
1650190826.767491,40.83451461791992,61.0,1.0,0.31465837359428406,1650190826.767491,1650190841.4119654
1650190841.7031815,39.44083023071289,61.0,1.0,0.3454442620277405,1650190841.7031815,1650190854.1015003
1650190854.398237,45.621150970458984,61.0,1.0,0.2858309745788574,1650190854.398237,1650190869.6104798
1650190869.7704303,43.64638900756836,61.0,1.0,0.363216370344162,1650190869.7704303,1650190880.4471438
1650190880.641395,45.23779296875,61.0,0.8903107643127441,0.30233702063560486,1650190880.641395,1650190894.9214907
1650190895.1855807,44.911521911621094,61.0,0.5576208233833313,0.3048553764820099,1650190895.1855807,1650190909.3022258
1650190909.6246626,43.32332992553711,61.0,1.0,0.31311213970184326,1650190909.6246626,1650190923.266273
1650190923.536387,42.9924201965332,61.0,0.9555950164794922,0.298009991645813,1650190923.536387,1650190938.8646703
1650190939.026369,43.00394058227539,61.0,0.7487309575080872,0.35623523592948914,1650190939.026369,1650190950.443927
1650190950.7354658,40.9464111328125,61.0,1.0,0.3622617721557617,1650190950.7354658,1650190962.2383049
1650190962.3256662,45.05592346191406,61.0,1.0,0.37796446681022644,1650190962.3256662,1650190972.6239796
1650190972.8325572,41.04039001464844,61.0,0.7526881694793701,0.3666177988052368,1650190972.8325572,1650190984.0166612
1650190984.2780163,40.078609466552734,61.0,1.0,0.3834824860095978,1650190984.2780163,1650190995.106735
1650190995.348557,40.382972717285156,61.0,0.482041597366333,0.3074377179145813,1650190995.348557,1650191010.4044075
1650191026.5924075,46.363372802734375,61.0,0.9973753094673157,0.3622617721557617,1650191026.5924075,1650191037.1179578
1650191037.3795238,41.781925201416016,61.0,0.7674418687820435,0.3409971594810486,1650191037.3795238,1650191049.6336262
1650191049.8273582,41.08572006225586,61.0,1.0,0.3608439266681671,1650191049.8273582,1650191061.2425168
1650191061.4083493,39.823970794677734,61.0,1.0,0.37113481760025024,1650191061.4083493,1650191072.6578557
1650191072.8042238,43.99738693237305,61.0,1.0,0.35311228036880493,1650191072.8042238,1650191083.9639778
1650191084.1534839,42.24955749511719,61.0,0.8084577322006226,0.352672815322876,1650191084.1534839,1650191096.1299407
1650191096.3559167,43.93855667114258,61.0,1.0,0.37216147780418396,1650191096.3559167,1650191106.5292144
1650191106.6769066,42.74111557006836,61.0,1.0,0.3656361997127533,1650191106.6769066,1650191117.6031537
1650191117.787365,44.139060974121094,61.0,1.0,0.3325950503349304,1650191117.787365,1650191130.1573613
1650191130.3255963,40.52218246459961,61.0,1.0,0.37164705991744995,1650191130.3255963,1650191141.4553032
1650191141.691613,45.4703483581543,61.0,1.0,0.3617872893810272,1650191141.691613,1650191152.1599739
1650191152.5437799,45.50141525268555,61.0,1.0,0.3706246614456177,1650191152.5437799,1650191162.6313784
1650191162.75061,43.84074401855469,61.0,0.5222437381744385,0.3109852075576782,1650191162.75061,1650191176.6189883
1650191176.8719277,40.15095901489258,61.0,1.0,0.3109852075576782,1650191176.8719277,1650191191.7657187
1650191191.8607874,36.61414337158203,61.0,1.0,0.41812101006507874,1650191191.8607874,1650191202.2119792
1650191202.385483,47.517940521240234,61.0,1.0,0.33825504779815674,1650191202.385483,1650191213.5812542
1650191213.7894576,43.54822540283203,61.0,0.5520169734954834,0.32581761479377747,1650191213.7894576,1650191226.6028385
1650191226.7876117,46.565738677978516,61.0,0.6854663491249084,0.32933247089385986,1650191226.7876117,1650191238.9854207
1650191239.1950653,44.400611877441406,61.0,0.43654823303222656,0.29086485505104065,1650191239.1950653,1650191254.6678255
1650191254.9476233,44.426212310791016,61.0,1.0,0.2777777910232544,1650191254.9476233,1650191271.446892
1650191271.5751631,39.90422821044922,61.0,1.0,0.3409971594810486,1650191271.5751631,1650191284.6314242
1650191284.840821,45.94477462768555,61.0,0.697813093662262,0.31528332829475403,1650191284.840821,1650191297.8999772
1650191298.1390932,42.4829216003418,61.0,0.760869562625885,0.3686048984527588,1650191298.1390932,1650191308.966974
1650191309.1806679,43.74810028076172,61.0,1.0,0.3752933144569397,1650191309.1806679,1650191319.6039777
1650191319.7077434,44.15265655517578,61.0,1.0,0.3479444980621338,1650191319.7077434,1650191331.1679826
1650191331.351325,42.80207443237305,61.0,1.0,0.3149704039096832,1650191331.351325,1650191345.4394271
1650191345.6151078,42.18490219116211,61.0,1.0,0.3071475625038147,1650191345.6151078,1650191360.1226678
1650191360.225625,42.81379699707031,61.0,0.6015037298202515,0.3065696656703949,1650191360.225625,1650191374.5901535
1650191374.726233,42.96921157836914,61.0,0.7578772902488708,0.2879561483860016,1650191374.726233,1650191390.877333
1650191391.1422443,42.22697448730469,61.0,1.0,0.3706246614456177,1650191391.1422443,1650191401.6331687
1650191401.8422747,41.364505767822266,61.0,1.0,0.3691067397594452,1650191401.8422747,1650191413.1079721
1650191413.2807457,41.404911041259766,61.0,1.0,0.36417850852012634,1650191413.2807457,1650191424.3422353
1650191424.6032598,45.346099853515625,61.0,1.0,0.27216553688049316,1650191424.6032598,1650191441.671983
1650191441.9733202,44.24820327758789,61.0,1.0,0.32108065485954285,1650191441.9733202,1650191455.1037967
1650191455.4562569,43.095645904541016,61.0,1.0,0.2752409279346466,1650191455.4562569,1650191472.8362036
1650191473.166774,45.88407897949219,61.0,1.0,0.2901294231414795,1650191473.166774,1650191488.008524
1650191488.0914712,43.767059326171875,61.0,0.42670536041259766,0.2693862318992615,1650191488.0914712,1650191506.187273
1650191506.4717872,43.02726364135742,61.0,0.4320388436317444,0.2844400703907013,1650191506.4717872,1650191522.8799884
1650191522.9911919,41.337425231933594,61.0,0.6450304388999939,0.31846487522125244,1650191522.9911919,1650191537.2639718
1650191537.4358048,44.264522552490234,61.0,1.0,0.3622617721557617,1650191537.4358048,1650191548.3248863
1650191548.5111864,45.13016891479492,61.0,1.0,0.36273813247680664,1650191548.5111864,1650191558.9919803
1650191559.2625196,43.591896057128906,61.0,0.5855262875556946,0.28676965832710266,1650191559.2625196,1650191575.1599698
1650191575.4434764,42.571510314941406,61.0,1.0,0.2858309745788574,1650191575.4434764,1650191591.7924385
1650191591.939602,42.41200637817383,61.0,0.5496453642845154,0.2977456748485565,1650191591.939602,1650191607.1239812
1650191607.3809357,40.819488525390625,61.0,0.6259542107582092,0.3089010417461395,1650191607.3809357,1650191622.4227703
1650191622.5172274,43.5175666809082,61.0,1.0,0.36417850852012634,1650191622.5172274,1650191633.0187333
1650191633.1774168,42.02297592163086,61.0,0.7124999761581421,0.29880714416503906,1650191633.1774168,1650191648.7403312
1650191648.9260015,42.66520309448242,61.0,1.0,0.29335731267929077,1650191648.9260015,1650191664.6999803
1650191664.9567225,45.05095291137695,61.0,0.6510066986083984,0.28964221477508545,1650191664.9567225,1650191680.5612755
1650191680.9966702,44.99393081665039,61.0,1.0,0.2717632055282593,1650191680.9966702,1650191697.821162
1650191698.0258534,42.287498474121094,61.0,1.0,0.35311228036880493,1650191698.0258534,1650191709.613202
1650191709.8158038,42.83413314819336,61.0,0.9974358677864075,0.35805743932724,1650191709.8158038,1650191720.9517827
1650191721.12223,45.28723907470703,61.0,0.6784313917160034,0.31311213970184326,1650191721.12223,1650191734.63597
1650191734.8409638,40.67357635498047,61.0,0.5939849615097046,0.3065696656703949,1650191734.8409638,1650191749.5679698
1650191749.7758706,42.115901947021484,61.0,1.0,0.2860647737979889,1650191749.7758706,1650191766.1829755
1650191766.3240108,43.274818420410156,61.0,1.0,0.274824857711792,1650191766.3240108,1650191783.8399713
1650191784.0141244,42.92558670043945,61.0,1.0,0.3571428656578064,1650191784.0141244,1650191795.219562
1650191795.3029768,43.9664192199707,61.0,1.0,0.36961063742637634,1650191795.3029768,1650191805.833741
1650191805.9453397,43.33660125732422,61.0,1.0,0.3666177988052368,1650191805.9453397,1650191816.8829763
1650191817.136766,42.87116241455078,61.0,1.0,0.30178582668304443,1650191817.136766,1650191831.9252617
1650191832.1314156,44.607994079589844,61.0,0.6617021560668945,0.32616403698921204,1650191832.1314156,1650191845.0214815
1650191845.3324852,45.981353759765625,61.0,0.9979674816131592,0.3187883496284485,1650191845.3324852,1650191857.7070663
1650191857.9275346,43.2157096862793,61.0,1.0,0.36037498712539673,1650191857.9275346,1650191868.6412308
1650191868.7703068,43.15300369262695,61.0,0.6156941652297974,0.3171807527542114,1650191868.7703068,1650191882.6279752
1650191882.857479,44.43764114379883,61.0,1.0,0.35223498940467834,1650191882.857479,1650191894.0191877
1650191894.287623,41.89094543457031,61.0,1.0,0.30685821175575256,1650191894.287623,1650191909.064086
1650191909.274784,42.3900260925293,61.0,0.861855685710907,0.32108065485954285,1650191909.274784,1650191922.9572482
1650191923.113943,45.278812408447266,61.0,1.0,0.3134195804595947,1650191923.113943,1650191936.630199
1650191936.8226972,45.637935638427734,61.0,1.0,0.2775636911392212,1650191936.8226972,1650191953.059189
1650191953.3326302,44.731903076171875,61.0,0.5620300769805908,0.3065696656703949,1650191953.3326302,1650191967.573026
1650191967.6898088,42.901954650878906,61.0,0.777414083480835,0.2860647737979889,1650191967.6898088,1650191983.8662286
1650191984.0586634,42.136497497558594,61.0,1.0,0.30344855785369873,1650191984.0586634,1650191998.9388754
1650191999.149074,41.90660858154297,61.0,1.0,0.29335731267929077,1650191999.149074,1650192014.7552052
1650192014.9164786,41.967796325683594,61.0,0.5960912108421326,0.2853650748729706,1650192014.9164786,1650192032.1439743
1650192032.3065827,42.39812088012695,61.0,1.0,0.3496417999267578,1650192032.3065827,1650192044.0759718
1650192044.3618913,43.460601806640625,61.0,0.45121949911117554,0.29514065384864807,1650192044.3618913,1650192059.3639843
1650192059.5209715,43.10734558105469,61.0,0.6948717832565308,0.35805743932724,1650192059.5209715,1650192070.6559644
1650192070.9214735,44.10576629638672,61.0,1.0,0.28060677647590637,1650192070.9214735,1650192087.200524
1650192087.2717943,41.63551712036133,61.0,1.0,0.3726779818534851,1650192087.2717943,1650192098.2239816
1650192098.3395033,40.97982406616211,61.0,0.9296875,0.3608439266681671,1650192098.3395033,1650192110.2233996
1650192110.3764582,41.58528137207031,61.0,1.0,0.3874921202659607,1650192110.3764582,1650192120.5723732
1650192120.7086768,42.50910568237305,61.0,1.0,0.3686048984527588,1650192120.7086768,1650192131.2005467
1650192131.39931,43.98076248168945,61.0,1.0,0.29260286688804626,1650192131.39931,1650192146.6559806
1650192146.7867002,44.590576171875,61.0,1.0,0.3475240170955658,1650192146.7867002,1650192157.820422
1650192158.2694023,42.49966049194336,61.0,1.0,0.3829197883605957,1650192158.2694023,1650192168.2930117
1650192168.5952559,48.42891311645508,61.0,0.8493449687957764,0.33040928840637207,1650192168.5952559,1650192180.1998937
1650192180.5405257,41.001888275146484,61.0,1.0,0.32547226548194885,1650192180.5405257,1650192194.1496556
1650192194.378668,45.739933013916016,61.0,1.0,0.3466876149177551,1650192194.378668,1650192205.5286627
1650192205.7094088,45.06489944458008,61.0,0.6081081032752991,0.3106848895549774,1650192205.7094088,1650192219.511725
1650192219.6960917,40.142635345458984,61.0,1.0,0.3737175464630127,1650192219.6960917,1650192230.5822723
1650192230.7814996,38.301551818847656,61.0,0.7110552787780762,0.3544405996799469,1650192230.7814996,1650192243.156978
1650192243.3214736,42.995243072509766,61.0,1.0,0.3143472969532013,1650192243.3214736,1650192257.462573
1650192257.773942,44.09521484375,61.0,1.0,0.3785055875778198,1650192257.773942,1650192267.9110966
1650192268.1921282,45.114501953125,61.0,0.7967146039009094,0.32042068243026733,1650192268.1921282,1650192281.0039725
1650192281.1887472,42.865203857421875,61.0,0.9945799708366394,0.36810508370399475,1650192281.1887472,1650192292.013378
1650192292.1381917,44.779544830322266,61.0,0.7840909361839294,0.33709993958473206,1650192292.1381917,1650192304.0856113
1650192304.2358115,41.22758102416992,61.0,0.61524498462677,0.3012376129627228,1650192304.2358115,1650192319.8564222
1650192320.0436966,41.22996520996094,61.0,1.0,0.3666177988052368,1650192320.0436966,1650192331.127868
1650192331.4467223,44.609642028808594,61.0,0.8285714387893677,0.3314967751502991,1650192331.4467223,1650192343.8879793
1650192344.216444,42.19364929199219,61.0,0.4973166286945343,0.29907429218292236,1650192344.216444,1650192359.953409
1650192360.0532317,42.575439453125,61.0,0.5218800902366638,0.28467047214508057,1650192360.0532317,1650192376.7999756
1650192377.155125,44.98930358886719,61.0,1.0,0.3071475625038147,1650192377.155125,1650192390.8917239
1650192391.2123582,41.4860725402832,61.0,1.0,0.35311228036880493,1650192391.2123582,1650192403.1199687
1650192403.4875371,42.6237907409668,61.0,0.512635350227356,0.300420880317688,1650192403.4875371,1650192418.0803268
1650192418.1756546,45.102664947509766,61.0,1.0,0.26726123690605164,1650192418.1756546,1650192435.5582194
1650192435.7427394,41.22102355957031,61.0,1.0,0.3585173785686493,1650192435.7427394,1650192447.6783965
1650192448.0100472,41.74676513671875,61.0,1.0,0.37164705991744995,1650192448.0100472,1650192458.6216476
1650192458.8576784,43.25703048706055,61.0,0.9633252024650574,0.3496417999267578,1650192458.8576784,1650192469.9772577
1650192470.1941893,40.456668853759766,61.0,0.7417721748352051,0.35578402876853943,1650192470.1941893,1650192482.330631
1650192482.5778897,41.1275749206543,61.0,0.7751938104629517,0.31128638982772827,1650192482.5778897,1650192497.5799897
1650192497.7873738,41.45825958251953,61.0,0.6568182110786438,0.33709993958473206,1650192497.7873738,1650192510.643678
1650192510.7124875,41.794776916503906,61.0,1.0,0.3774256706237793,1650192510.7124875,1650192521.192266
1650192521.4117968,43.755252838134766,61.0,0.5767098069190979,0.30400896072387695,1650192521.4117968,1650192535.5815241
1650192535.7597826,42.998802185058594,61.0,1.0,0.376889169216156,1650192535.7597826,1650192545.8065739
1650192546.0761788,41.21796417236328,61.0,1.0,0.35623523592948914,1650192546.0761788,1650192558.0855052
1650192558.38882,42.27488327026367,61.0,0.5683296918869019,0.32933247089385986,1650192558.38882,1650192571.3515997
1650192571.6343992,42.464256286621094,61.0,0.5857740640640259,0.3234231173992157,1650192571.6343992,1650192584.9397068
1650192585.0495214,44.15719223022461,61.0,0.5423728823661804,0.30685821175575256,1650192585.0495214,1650192599.4073184
1650192599.6225157,42.30221176147461,61.0,1.0,0.35805743932724,1650192599.6225157,1650192610.8039641
1650192611.1572618,43.08187484741211,61.0,0.6386946439743042,0.3413943648338318,1650192611.1572618,1650192622.971975
1650192623.1286283,38.485496520996094,61.0,1.0,0.3928371071815491,1650192623.1286283,1650192633.8079758
1650192634.0439014,42.112274169921875,61.0,1.0,0.3137279152870178,1650192634.0439014,1650192648.6239731
1650192648.8848786,43.74721145629883,61.0,0.7016806602478027,0.32410186529159546,1650192648.8848786,1650192661.6399772
1650192661.85662,45.337982177734375,61.0,1.0,0.359907865524292,1650192661.85662,1650192672.4658263
1650192672.6315303,44.99597930908203,61.0,1.0,0.3355780243873596,1650192672.6315303,1650192684.6992755
1650192684.8130848,45.19718933105469,61.0,0.6703540086746216,0.3325950503349304,1650192684.8130848,1650192696.6279788
1650192696.9334683,47.23979568481445,61.0,1.0,0.33903175592422485,1650192696.9334683,1650192707.9199684
1650192708.0996308,44.002193450927734,61.0,0.6416184902191162,0.31038543581962585,1650192708.0996308,1650192722.0762064
1650192722.2428677,46.01934051513672,61.0,1.0,0.34380707144737244,1650192722.2428677,1650192733.4338143
1650192733.6353521,46.1370849609375,61.0,1.0,0.3168621361255646,1650192733.6353521,1650192746.3799806
1650192746.5914252,40.757869720458984,61.0,0.624691367149353,0.3513641953468323,1650192746.5914252,1650192758.5645728
1650192758.8071306,47.76890563964844,61.0,1.0,0.3237619400024414,1650192758.8071306,1650192771.1163929
1650192771.4169116,43.92433547973633,61.0,1.0,0.295398086309433,1650192771.4169116,1650192786.6248825
1650192786.841942,43.51518630981445,61.0,0.8812664747238159,0.363216370344162,1650192786.841942,1650192797.6197886
1650192797.7168074,39.61843490600586,61.0,0.3834196925163269,0.29386353492736816,1650192797.7168074,1650192814.2495148
1650192814.559605,44.045833587646484,61.0,1.0,0.32933247089385986,1650192814.559605,1650192827.3417444
1650192827.4870298,44.44750213623047,61.0,0.7136842012405396,0.3244428336620331,1650192827.4870298,1650192840.1536589
1650192840.3084598,40.7504997253418,61.0,1.0,0.3454442620277405,1650192840.3084598,1650192852.332852
1650192852.7578783,45.761051177978516,61.0,1.0,0.28747978806495667,1650192852.7578783,1650192867.7706456
1650192868.048667,43.13172149658203,61.0,1.0,0.2977456748485565,1650192868.048667,1650192883.35063
1650192883.665161,45.13091278076172,61.0,1.0,0.3224129378795624,1650192883.665161,1650192896.139981
1650192896.3409603,45.3945426940918,61.0,1.0,0.3121952712535858,1650192896.3409603,1650192909.3821752
1650192909.6142352,44.716407775878906,61.0,0.7390350699424744,0.331133097410202,1650192909.6142352,1650192921.5337977
1650192921.8504791,42.881168365478516,61.0,1.0,0.36273813247680664,1650192921.8504791,1650192932.5544784
1650192932.807783,43.803470611572266,61.0,0.8999999761581421,0.3162277638912201,1650192932.807783,1650192946.3455234
1650192946.54433,40.673255920410156,61.0,1.0,0.3795948028564453,1650192946.54433,1650192956.9934568
1650192957.149583,44.08685302734375,61.0,1.0,0.279508501291275,1650192957.149583,1650192973.9799972
1650192974.207729,38.89453887939453,61.0,0.5069203972816467,0.29411765933036804,1650192974.207729,1650192990.971008
1650192991.1837444,45.21366500854492,61.0,1.0,0.33445003628730774,1650192991.1837444,1650193003.303974
1650193003.4072163,48.65741729736328,61.0,1.0,0.34503278136253357,1650193003.4072163,1650193014.0119712
1650193014.1421573,51.33620834350586,61.0,1.0,0.2752409279346466,1650193014.1421573,1650193029.9399738
1650193030.5556254,51.40419387817383,61.0,1.0,0.29235267639160156,1650193030.5556254,1650193044.0175622
1650193044.2222366,49.2562370300293,61.0,0.42903751134872437,0.2855977416038513,1650193044.2222366,1650193058.8599772
1650193059.0388165,45.638328552246094,61.0,1.0,0.3585173785686493,1650193059.0388165,1650193069.556292
1650193069.7275429,45.7558708190918,61.0,1.0,0.27136266231536865,1650193069.7275429,1650193086.555984
1650193086.7194834,43.686588287353516,61.0,1.0,0.2956562042236328,1650193086.7194834,1650193101.804204
1650193102.032103,45.012664794921875,61.0,1.0,0.30400896072387695,1650193102.032103,1650193115.9615157
1650193116.1315145,46.48222732543945,61.0,0.6596558094024658,0.30919620394706726,1650193116.1315145,1650193129.4699454
1650193129.6887426,45.1386604309082,61.0,0.5829787254333496,0.2663118243217468,1650193129.6887426,1650193147.6334496
1650193147.8019545,44.25868606567383,61.0,0.37331080436706543,0.2906191051006317,1650193147.8019545,1650193163.3695204
1650193163.5418851,45.461551666259766,61.0,0.5670498013496399,0.30949223041534424,1650193163.5418851,1650193177.4437423
1650193177.6769469,43.675724029541016,61.0,0.8264840245246887,0.33786869049072266,1650193177.6769469,1650193189.559978
1650193189.9063282,45.43848419189453,61.0,1.0,0.3544405996799469,1650193189.9063282,1650193200.8882084
1650193201.1030755,44.24453353881836,61.0,1.0,0.2969569265842438,1650193201.1030755,1650193216.0879776
1650193216.2573988,47.34894943237305,61.0,1.0,0.2916059195995331,1650193216.2573988,1650193230.639978
1650193230.8898277,48.76177215576172,61.0,0.5579322576522827,0.29854071140289307,1650193230.8898277,1650193244.6300995
1650193244.958147,48.88135528564453,61.0,1.0,0.31311213970184326,1650193244.958147,1650193257.37597
1650193257.7904644,45.741851806640625,61.0,1.0,0.31559720635414124,1650193257.7904644,1650193270.6233516
1650193270.8034127,42.00503921508789,61.0,1.0,0.3318616449832916,1650193270.8034127,1650193283.8256593
1650193284.2256672,44.06257629394531,61.0,0.9268292784690857,0.36810508370399475,1650193284.2256672,1650193294.6199753
1650193294.7195876,44.864158630371094,61.0,1.0,0.3454442620277405,1650193294.7195876,1650193306.1095254
1650193306.2926948,45.527992248535156,61.0,1.0,0.28964221477508545,1650193306.2926948,1650193321.4482067
1650193321.7290409,46.91550827026367,61.0,1.0,0.35093119740486145,1650193321.7290409,1650193332.2159781
1650193332.5356057,47.34480285644531,61.0,0.7352246046066284,0.34380707144737244,1650193332.5356057,1650193343.5399811
1650193343.6702063,45.377098083496094,61.0,0.70243901014328,0.34921514987945557,1650193343.6702063,1650193355.1076937
1650193355.391797,46.62382125854492,61.0,1.0,0.29335731267929077,1650193355.391797,1650193369.6119955
1650193369.7695541,42.24428939819336,61.0,1.0,0.3646624684333801,1650193369.7695541,1650193380.8479743
1650193381.0341105,47.96836471557617,61.0,1.0,0.34340140223503113,1650193381.0341105,1650193391.7912002
1650193392.0292072,45.6575927734375,61.0,1.0,0.3325950503349304,1650193392.0292072,1650193403.9439836
1650193404.1038418,45.00577926635742,61.0,0.7217805981636047,0.2819419503211975,1650193404.1038418,1650193420.124007
1650193420.4435582,48.559974670410156,61.0,1.0,0.3337043225765228,1650193420.4435582,1650193431.7079797
1650193431.8652842,47.065345764160156,61.0,0.4609929025173187,0.2663118243217468,1650193431.8652842,1650193448.7779396
1650193449.0031664,45.90900421142578,61.0,0.6471861600875854,0.3289758563041687,1650193449.0031664,1650193460.91804
1650193461.2649016,44.048118591308594,61.0,1.0,0.29135826230049133,1650193461.2649016,1650193476.7479694
1650193476.9126468,46.40647888183594,61.0,0.7301293611526489,0.30400896072387695,1650193476.9126468,1650193490.5745318
1650193490.6680515,42.641727447509766,61.0,1.0,0.32308533787727356,1650193490.6680515,1650193504.1055937
1650193504.3193207,43.946380615234375,61.0,0.8306451439857483,0.3175003230571747,1650193504.3193207,1650193517.539977
1650193517.7606108,41.4146614074707,61.0,1.0,0.3726779818534851,1650193517.7606108,1650193528.6263285
1650193528.930725,43.22845458984375,61.0,0.8788598775863647,0.34462276101112366,1650193528.930725,1650193540.6359785
1650193540.8896778,43.1323127746582,61.0,1.0,0.327210009098053,1650193540.8896778,1650193554.1048281
1650193554.3160129,45.17216491699219,61.0,0.8574513792991638,0.32862040400505066,1650193554.3160129,1650193566.5802026
1650193566.8204443,45.6920051574707,61.0,0.8169556856155396,0.31038543581962585,1650193566.8204443,1650193580.0612726
1650193580.4539902,44.3089485168457,61.0,1.0,0.35578402876853943,1650193580.4539902,1650193591.1290345
1650193591.3680584,42.12423324584961,61.0,1.0,0.34219294786453247,1650193591.3680584,1650193603.7599752
1650193603.9432735,44.80479431152344,61.0,0.49700599908828735,0.31591200828552246,1650193603.9432735,1650193617.423974
1650193617.6013398,41.96613693237305,61.0,0.6355932354927063,0.32547226548194885,1650193617.6013398,1650193631.0884042
1650193631.2232609,44.30781555175781,61.0,1.0,0.35179877281188965,1650193631.2232609,1650193642.5530903
1650193642.6954772,42.42456817626953,61.0,0.6323232054710388,0.31782087683677673,1650193642.6954772,1650193656.1782303
1650193656.3458326,44.93115234375,61.0,1.0,0.3737175464630127,1650193656.3458326,1650193666.8285372
1650193667.1966944,39.794864654541016,61.0,1.0,0.35223498940467834,1650193667.1966944,1650193679.509841
1650193679.667043,43.76626205444336,61.0,1.0,0.3168621361255646,1650193679.667043,1650193693.3533845
1650193693.577314,45.65967559814453,61.0,1.0,0.34421420097351074,1650193693.577314,1650193705.1192272
1650193705.4483972,46.07223129272461,61.0,1.0,0.331133097410202,1650193705.4483972,1650193717.6683397
1650193717.9670713,44.30255889892578,61.0,0.6443418264389038,0.33981382846832275,1650193717.9670713,1650193729.8399746
1650193730.0325527,42.7650032043457,61.0,1.0,0.3752933144569397,1650193730.0325527,1650193740.4382572
1650193740.6367939,43.481605529785156,61.0,0.8394736647605896,0.36273813247680664,1650193740.6367939,1650193751.3999658
1650193751.6133533,44.4584846496582,61.0,1.0,0.363216370344162,1650193751.6133533,1650193762.185014
1650193762.4388344,45.2445182800293,61.0,0.8517699241638184,0.3325950503349304,1650193762.4388344,1650193774.860229
1650193775.08538,44.45090866088867,61.0,0.5565370917320251,0.2972191572189331,1650193775.08538,1650193790.023207
1650193790.2737138,43.583560943603516,61.0,0.6051587462425232,0.3149704039096832,1650193790.2737138,1650193804.0403728
1650193804.2288914,42.85396957397461,61.0,0.48161765933036804,0.30316951870918274,1650193804.2288914,1650193818.859975
1650193819.0132918,45.34809875488281,61.0,1.0,0.2898855209350586,1650193819.0132918,1650193833.9863563
1650193834.2776845,40.06890106201172,61.0,0.9513513445854187,0.36760732531547546,1650193834.2776845,1650193845.5083394
1650193845.7586145,45.1195068359375,61.0,0.6606425642967224,0.3168621361255646,1650193845.7586145,1650193858.9679782
1650193859.0655456,44.831172943115234,61.0,0.7343412637710571,0.32862040400505066,1650193859.0655456,1650193871.2445714
1650193871.5679967,44.72563171386719,61.0,0.7225950956344604,0.33445003628730774,1650193871.5679967,1650193883.6639693
1650193883.8787775,42.696434020996094,61.0,1.0,0.3314967751502991,1650193883.8787775,1650193896.596467
1650193896.7717896,47.178321838378906,61.0,0.7826961874961853,0.3171807527542114,1650193896.7717896,1650193909.2775335
1650193909.8126714,46.39739990234375,61.0,1.0,0.3475240170955658,1650193909.8126714,1650193920.7184546
1650193920.8331273,41.503047943115234,61.0,0.4930795729160309,0.29411765933036804,1650193920.8331273,1650193937.1451826
1650193937.4160235,45.621097564697266,61.0,0.3631361722946167,0.2622513771057129,1650193937.4160235,1650193955.1271274
1650193955.5856848,44.06378936767578,61.0,1.0,0.29617443680763245,1650193955.5856848,1650193970.5639696
1650193970.7302928,42.94905090332031,61.0,0.7892156839370728,0.3500700294971466,1650193970.7302928,1650193982.674678
1650193983.0124896,45.11499786376953,61.0,0.5663551688194275,0.3057089149951935,1650193983.0124896,1650193997.176294
1650193997.3315306,42.62972640991211,61.0,1.0,0.29037395119667053,1650193997.3315306,1650194013.4001307
1650194013.5892744,41.30300521850586,61.0,1.0,0.35179877281188965,1650194013.5892744,1650194025.355973
1650194025.6266398,46.55853271484375,61.0,0.7599999904632568,0.3333333432674408,1650194025.6266398,1650194037.4612052
1650194037.830805,46.1114616394043,61.0,0.853164553642273,0.35578402876853943,1650194037.830805,1650194048.5439765
1650194048.7843974,47.97574234008789,61.0,1.0,0.3175003230571747,1650194048.7843974,1650194061.2698734
1650194061.4546053,45.61124801635742,61.0,0.8217213153839111,0.32009220123291016,1650194061.4546053,1650194074.0611448
1650194074.2056708,44.437538146972656,61.0,0.5644067525863647,0.2911112606525421,1650194074.2056708,1650194089.7780905
1650194089.9118457,45.95463562011719,61.0,1.0,0.3608439266681671,1650194089.9118457,1650194100.4439714
1650194100.6233325,43.4722900390625,61.0,1.0,0.3752933144569397,1650194100.6233325,1650194110.7677252
1650194110.9592957,43.762210845947266,61.0,1.0,0.30860671401023865,1650194110.9592957,1650194124.82971
1650194124.9866529,44.82455825805664,61.0,1.0,0.34380707144737244,1650194124.9866529,1650194136.6320548
1650194136.8706565,44.35189437866211,61.0,1.0,0.31008684635162354,1650194136.8706565,1650194150.624297
1650194150.702349,43.63518142700195,61.0,0.8759689927101135,0.3594425916671753,1650194150.702349,1650194161.9318197
1650194162.0355685,41.14910888671875,61.0,1.0,0.37164705991744995,1650194162.0355685,1650194172.6311808
1650194172.8630316,44.927371978759766,61.0,1.0,0.3134195804595947,1650194172.8630316,1650194186.3959844
1650194186.5467155,41.60574722290039,61.0,0.9676550030708313,0.36711156368255615,1650194186.5467155,1650194197.3625286
1650194197.5892746,43.35533905029297,61.0,1.0,0.35897907614707947,1650194197.5892746,1650194208.6375098
1650194208.920511,43.2888069152832,61.0,1.0,0.3617872893810272,1650194208.920511,1650194219.708519
1650194219.993049,47.082618713378906,61.0,0.8260869383811951,0.3074377179145813,1650194219.993049,1650194233.3100655
1650194233.5721567,39.779808044433594,61.0,0.9942528605461121,0.37904903292655945,1650194233.5721567,1650194244.2559686
1650194244.4629934,47.96609878540039,61.0,0.7684426307678223,0.32009220123291016,1650194244.4629934,1650194256.6591074
1650194256.9913108,44.546443939208984,61.0,1.0,0.363216370344162,1650194256.9913108,1650194267.340061
1650194267.5426857,42.906131744384766,61.0,1.0,0.3454442620277405,1650194267.5426857,1650194279.4990191
1650194279.7910705,41.54839324951172,61.0,0.5384615659713745,0.3181423842906952,1650194279.7910705,1650194294.015447
1650194294.3185859,46.17592239379883,61.0,1.0,0.36369648575782776,1650194294.3185859,1650194304.626989
1650194304.9967897,45.247894287109375,61.0,1.0,0.31559720635414124,1650194304.9967897,1650194318.45598
1650194318.7755477,47.162723541259766,61.0,0.7006507515907288,0.32933247089385986,1650194318.7755477,1650194330.50091
1650194330.6635609,44.76433181762695,61.0,1.0,0.3691067397594452,1650194330.6635609,1650194340.7385466
1650194340.9231355,45.01397705078125,61.0,1.0,0.36961063742637634,1650194340.9231355,1650194351.275476
1650194351.5438333,44.651763916015625,61.0,0.7177242636680603,0.3307706117630005,1650194351.5438333,1650194364.04054
1650194364.1511652,41.2189826965332,61.0,0.4901960790157318,0.31311213970184326,1650194364.1511652,1650194378.634783
1650194379.0066226,44.505184173583984,61.0,1.0,0.32581761479377747,1650194379.0066226,1650194391.9039965
1650194392.1894004,41.20291519165039,61.0,1.0,0.34503278136253357,1650194392.1894004,1650194404.639976
1650194404.8024232,42.20771789550781,61.0,1.0,0.35759925842285156,1650194404.8024232,1650194415.7719815
1650194415.9709013,40.524688720703125,61.0,1.0,0.3928371071815491,1650194415.9709013,1650194426.4336593
1650194426.5358927,41.82383346557617,61.0,0.5289255976676941,0.32141217589378357,1650194426.5358927,1650194440.2123048
1650194440.5125432,47.89002990722656,61.0,1.0,0.29037395119667053,1650194440.5125432,1650194454.8996718
1650194455.3994277,44.50608444213867,61.0,1.0,0.302613765001297,1650194455.3994277,1650194469.419983
1650194469.6140478,46.4831428527832,61.0,1.0,0.3458572328090668,1650194469.6140478,1650194480.6287937
1650194480.758458,44.982139587402344,61.0,1.0,0.2752409279346466,1650194480.758458,1650194497.2316628
1650194497.352063,44.03093719482422,61.0,0.6013400554656982,0.28939953446388245,1650194497.352063,1650194513.3862436
1650194513.5848358,44.70424270629883,61.0,1.0,0.3617872893810272,1650194513.5848358,1650194524.6799796
1650194524.8931265,40.992916107177734,61.0,0.7274678349494934,0.3275609016418457,1650194524.8931265,1650194538.4076571
1650194538.5986354,44.11471176147461,61.0,0.7694300413131714,0.359907865524292,1650194538.5986354,1650194549.524696
1650194549.7613032,42.59104919433594,61.0,1.0,0.3666177988052368,1650194549.7613032,1650194560.4677784
1650194560.6480694,46.25483322143555,61.0,1.0,0.3237619400024414,1650194560.6480694,1650194573.0359643
1650194573.3349085,41.288818359375,61.0,1.0,0.3037283718585968,1650194573.3349085,1650194588.326861
1650194588.5312848,46.48382568359375,61.0,1.0,0.31559720635414124,1650194588.5312848,1650194601.395975
1650194601.7030373,43.33938980102539,61.0,0.7145877480506897,0.32512804865837097,1650194601.7030373,1650194614.4627929
1650194614.613658,41.92227554321289,61.0,1.0,0.34259435534477234,1650194614.613658,1650194627.0652716
1650194627.237973,42.045997619628906,61.0,0.6342494487762451,0.32512804865837097,1650194627.237973,1650194640.5805027
1650194640.8601892,45.22526168823242,61.0,0.7156177163124084,0.3413943648338318,1650194640.8601892,1650194652.6235263
1650194652.844706,47.16863250732422,61.0,1.0,0.3318616449832916,1650194652.844706,1650194664.3141925
1650194664.5997748,46.564476013183594,61.0,1.0,0.3553345203399658,1650194664.5997748,1650194675.2301958
1650194675.5580478,45.875205993652344,61.0,1.0,0.33981382846832275,1650194675.5580478,1650194686.587971
1650194686.8767498,43.28920364379883,61.0,1.0,0.36273813247680664,1650194686.8767498,1650194697.9187636
1650194698.0460255,43.44215774536133,61.0,1.0,0.34503278136253357,1650194698.0460255,1650194709.9469073
1650194710.1295874,48.99068832397461,61.0,1.0,0.33671751618385315,1650194710.1295874,1650194720.9479702
1650194721.1793058,44.51115417480469,61.0,0.6976743936538696,0.3409971594810486,1650194721.1793058,1650194733.0639677
1650194733.281569,46.23687744140625,61.0,1.0,0.28700578212738037,1650194733.281569,1650194748.2479782
1650194748.441053,46.8351936340332,61.0,1.0,0.3318616449832916,1650194748.441053,1650194760.4405763
1650194760.6019359,45.90854263305664,61.0,1.0,0.31311213970184326,1650194760.6019359,1650194773.5624864
1650194773.7146533,42.89815902709961,61.0,1.0,0.3417929708957672,1650194773.7146533,1650194785.8363853
1650194786.0853508,44.08164978027344,61.0,0.8098434209823608,0.33445003628730774,1650194786.0853508,1650194798.4034016
1650194798.5171566,48.651241302490234,61.0,0.5721830725669861,0.29669541120529175,1650194798.5171566,1650194812.4119718
1650194812.5573542,46.38022232055664,61.0,0.46365106105804443,0.284210205078125,1650194812.5573542,1650194827.8440425
1650194827.9836996,44.56277847290039,61.0,0.5531609058380127,0.2680281400680542,1650194827.9836996,1650194845.5319765
1650194845.805041,48.928165435791016,61.0,1.0,0.2663118243217468,1650194845.805041,1650194862.4621136
1650194862.7974617,42.20949172973633,61.0,0.7115789651870728,0.3244428336620331,1650194862.7974617,1650194875.7803233
1650194889.1829906,43.07548522949219,29.0,1.0,0.29086485505104065,1650194889.1829906,1650194904.8763719
1650194905.1464193,45.508541107177734,29.0,0.9172259569168091,0.33445003628730774,1650194905.1464193,1650194917.078245
1650194917.2586937,44.63424301147461,29.0,0.8698795437812805,0.3471050560474396,1650194917.2586937,1650194928.841729
1650194929.141652,46.67706298828125,29.0,1.0,0.3333333432674408,1650194929.141652,1650194940.6248078
1650194940.7609322,39.729068756103516,29.0,0.9624277353286743,0.3801429569721222,1650194940.7609322,1650194951.861117
1650194952.6402376,44.64061737060547,29.0,1.0,0.3651483654975891,1650194952.6402376,1650194963.1239634
1650194963.6131628,45.458194732666016,29.0,1.0,0.29854071140289307,1650194963.6131628,1650194978.4399729
1650194978.7333615,45.57073211669922,29.0,0.9813374876976013,0.27885568141937256,1650194978.7333615,1650194995.235181
1650194995.4361472,42.08859634399414,29.0,0.4392523467540741,0.2790727913379669,1650194995.4361472,1650195012.4003627
1650195012.7860093,43.902488708496094,29.0,0.9654088020324707,0.2803860902786255,1650195012.7860093,1650195029.208768
1650195055.7378414,44.53326416015625,61.0,0.7995910048484802,0.31976473331451416,1650195055.7378414,1650195069.166006
1650195069.3437054,45.7463493347168,61.0,0.6283186078071594,0.3325950503349304,1650195069.3437054,1650195081.3665226
1650195081.4939134,44.02036666870117,61.0,0.9978070259094238,0.331133097410202,1650195081.4939134,1650195094.2380142
1650195094.69143,44.632362365722656,61.0,0.9963369965553284,0.302613765001297,1650195094.69143,1650195109.0083961
1650195109.158232,44.41084289550781,61.0,0.9548693299293518,0.34462276101112366,1650195109.158232,1650195120.731982
1650195120.9319398,42.73239517211914,61.0,1.0,0.37635496258735657,1650195120.9319398,1650195131.0179644
1650195131.2508976,43.200645446777344,61.0,1.0,0.3479444980621338,1650195131.2508976,1650195142.6396165
1650195142.9169152,42.288997650146484,61.0,1.0,0.3594425916671753,1650195142.9169152,1650195153.959977
1650195154.1482575,46.84812545776367,61.0,0.6435272097587585,0.3062819540500641,1650195154.1482575,1650195167.4038577
1650195167.8105106,45.8604850769043,61.0,0.64833003282547,0.3134195804595947,1650195167.8105106,1650195181.242554
1650195181.5508354,46.74799346923828,61.0,0.48507463932037354,0.3054236173629761,1650195181.5508354,1650195194.9417841
1650195195.337754,45.492828369140625,61.0,0.9961538314819336,0.31008684635162354,1650195195.337754,1650195209.0322196
1650195209.2374268,45.3494758605957,61.0,0.5598705410957336,0.2844400703907013,1650195209.2374268,1650195224.9156678
1650195225.139685,45.16482925415039,61.0,0.9975786805152893,0.3479444980621338,1650195225.139685,1650195236.165964
1650195236.605094,48.230552673339844,61.0,0.9986130595207214,0.2633403241634369,1650195236.605094,1650195253.668966
1650195253.8541553,48.348602294921875,61.0,0.6581059098243713,0.2832963466644287,1650195253.8541553,1650195268.9735167
1650195269.334697,42.71999740600586,61.0,0.45780590176582336,0.32478490471839905,1650195269.334697,1650195282.1858213
1650195282.3490849,45.03647232055664,61.0,0.8212560415267944,0.3475240170955658,1650195282.3490849,1650195294.0285077
1650195294.4422076,44.121116638183594,61.0,1.0,0.3417929708957672,1650195294.4422076,1650195305.8879743
1650195306.0052588,43.01238250732422,61.0,0.8422053456306458,0.3083132207393646,1650195306.0052588,1650195320.4894595
1650195320.9695988,46.703739166259766,61.0,1.0,0.3128056228160858,1650195320.9695988,1650195333.688066
1650195333.8585703,43.339176177978516,61.0,1.0,0.32009220123291016,1650195333.8585703,1650195347.1029387
1650195347.264375,43.187808990478516,61.0,0.8445839881896973,0.2801659107208252,1650195347.264375,1650195363.8199723
1650195364.017767,43.04886245727539,61.0,0.99863201379776,0.26153290271759033,1650195364.017767,1650195383.0891182
1650195383.522784,43.19366455078125,61.0,1.0,0.32308533787727356,1650195383.522784,1650195396.7654665
1650195396.939698,49.99871063232422,61.0,1.0,0.33671751618385315,1650195396.939698,1650195407.8599799
1650195408.1502168,43.15525817871094,61.0,1.0,0.33671751618385315,1650195408.1502168,1650195420.4777987
1650195420.8139596,42.7572021484375,61.0,1.0,0.3406013548374176,1650195420.8139596,1650195433.115981
1650195433.297472,41.992210388183594,61.0,0.5435168743133545,0.298009991645813,1650195433.297472,1650195448.8479755
1650195448.9930005,44.38544464111328,61.0,0.6666666865348816,0.3333333432674408,1650195448.9930005,1650195461.0239718
1650195461.2247798,43.86650466918945,61.0,0.6219281554222107,0.3074377179145813,1650195461.2247798,1650195475.7005167
1650195475.9711626,47.24359130859375,61.0,1.0,0.3191128373146057,1650195475.9711626,1650195488.5442963
1650195488.744011,46.61532974243164,61.0,0.8931818008422852,0.33709993958473206,1650195488.744011,1650195499.9205914
1650195500.1158903,42.85802459716797,61.0,1.0,0.3106848895549774,1650195500.1158903,1650195514.488928
1650195514.6564665,43.15205383300781,61.0,0.44256120920181274,0.30685821175575256,1650195514.6564665,1650195528.6303089
1650195528.818444,44.09592056274414,61.0,1.0,0.29437240958213806,1650195528.818444,1650195544.0806262
1650195544.429961,44.35613250732422,61.0,1.0,0.3928371071815491,1650195544.429961,1650195554.4623952
1650195554.6413298,43.649444580078125,61.0,1.0,0.3417929708957672,1650195554.6413298,1650195566.600245
1650195566.9043117,44.28910446166992,61.0,0.7172130942344666,0.32009220123291016,1650195566.9043117,1650195579.6839783
1650195579.9664152,46.666847229003906,61.0,0.777999997138977,0.3162277638912201,1650195579.9664152,1650195592.8449364
1650195593.3327575,47.02238845825195,61.0,1.0,0.32933247089385986,1650195593.3327575,1650195605.0080473
1650195605.3109138,45.55725860595703,61.0,0.6757281422615051,0.31158846616744995,1650195605.3109138,1650195618.6348057
1650195618.8815901,40.388919830322266,61.0,0.7441860437393188,0.3594425916671753,1650195618.8815901,1650195630.5927231
1650195630.7237296,42.96675109863281,61.0,0.9980353713035583,0.3134195804595947,1650195630.7237296,1650195645.0138495
1650195645.3627744,45.82529830932617,61.0,1.0,0.34836649894714355,1650195645.3627744,1650195656.644752
1650195656.9556835,44.628623962402344,61.0,0.8270676732063293,0.3539961576461792,1650195656.9556835,1650195667.8679626
1650195667.951559,43.81698226928711,61.0,0.6136363744735718,0.32141217589378357,1650195667.951559,1650195681.1199694
1650195681.7686996,45.94794845581055,61.0,1.0,0.3359565734863281,1650195681.7686996,1650195693.0423262
1650195693.1825387,43.51158142089844,61.0,1.0,0.3513641953468323,1650195693.1825387,1650195704.7656615
1650195704.8800402,44.585758209228516,61.0,1.0,0.3065696656703949,1650195704.8800402,1650195719.2119708
1650195719.3863003,44.3344841003418,61.0,0.9980000257492065,0.3162277638912201,1650195719.3863003,1650195732.67167
1650195732.9701483,44.009246826171875,61.0,0.7681818008422852,0.33709993958473206,1650195732.9701483,1650195745.1948524
1650195745.469729,43.82365417480469,61.0,1.0,0.34503278136253357,1650195745.469729,1650195757.3354673
1650195757.6081903,44.385799407958984,61.0,0.8015267252922058,0.3566882014274597,1650195757.6081903,1650195768.8279953
1650195769.0173512,43.37189483642578,61.0,1.0,0.35805743932724,1650195769.0173512,1650195780.130539
1650195780.3149326,42.80940628051758,61.0,1.0,0.3706246614456177,1650195780.3149326,1650195790.9434376
1650195791.0880942,50.497318267822266,61.0,1.0,0.33709993958473206,1650195791.0880942,1650195801.7619286
1650195801.8643174,42.50918197631836,61.0,1.0,0.37424060702323914,1650195801.8643174,1650195812.167974
1650195812.3953457,42.98255920410156,61.0,0.9176755547523499,0.3479444980621338,1650195812.3953457,1650195824.0279713
1650195824.305085,43.64739990234375,61.0,1.0,0.31311213970184326,1650195824.305085,1650195838.2119849
1650195838.362682,42.042274475097656,61.0,0.6812933087348938,0.33981382846832275,1650195838.362682,1650195850.92147
1650195851.0858774,47.807830810546875,61.0,0.9440000057220459,0.3162277638912201,1650195851.0858774,1650195863.3642004
1650195863.4644172,40.439334869384766,61.0,0.642259418964386,0.3234231173992157,1650195863.4644172,1650195877.2875917
1650195877.4627104,44.49041748046875,61.0,1.0,0.35897907614707947,1650195877.4627104,1650195888.6336553
1650195888.883744,42.261871337890625,61.0,1.0,0.3726779818534851,1650195888.883744,1650195899.5079775
1650195899.6373127,44.13427734375,61.0,0.892307698726654,0.35805743932724,1650195899.6373127,1650195910.263974
1650195910.4932785,43.21955108642578,61.0,1.0,0.3706246614456177,1650195910.4932785,1650195920.627581
1650195920.9286597,41.42418670654297,61.0,0.9976635575294495,0.3417929708957672,1650195920.9286597,1650195933.2885888
1650195933.430853,42.628692626953125,61.0,0.8461538553237915,0.3413943648338318,1650195933.430853,1650195945.253876
1650195945.4396074,41.42049026489258,61.0,1.0,0.34627169370651245,1650195945.4396074,1650195957.8730674
1650195957.9985764,44.25593185424805,61.0,0.8962075710296631,0.31591200828552246,1650195957.9985764,1650195971.1041644
1650195971.3510344,43.096805572509766,61.0,1.0,0.3566882014274597,1650195971.3510344,1650195982.6279726
1650195982.7649646,41.77136993408203,61.0,1.0,0.3466876149177551,1650195982.7649646,1650195994.878525
1650195994.986491,46.296714782714844,61.0,0.6738660931587219,0.32862040400505066,1650195994.986491,1650196007.1039817
1650196007.3554013,43.840919494628906,61.0,1.0,0.31943827867507935,1650196007.3554013,1650196020.493812
1650196020.7499437,47.0866584777832,61.0,0.9980040192604065,0.31591200828552246,1650196020.7499437,1650196033.4286947
1650196033.6774743,44.79578399658203,61.0,1.0,0.3656361997127533,1650196033.6774743,1650196044.0355918
1650196044.237141,48.660274505615234,61.0,1.0,0.3487900495529175,1650196044.237141,1650196054.6357667
1650196054.8395164,45.0636100769043,61.0,1.0,0.28724250197410583,1650196054.8395164,1650196070.239969
1650196070.327512,43.42700958251953,61.0,0.6534090638160706,0.30772873759269714,1650196070.327512,1650196084.4892054
1650196084.63909,44.258480072021484,61.0,0.4882032573223114,0.3012376129627228,1650196084.63909,1650196099.2803514
1650196099.4554713,45.62639236450195,61.0,0.5508772134780884,0.29617443680763245,1650196099.4554713,1650196114.0303695
1650196114.1182587,44.63017654418945,61.0,1.0,0.3686048984527588,1650196114.1182587,1650196124.5372183
1650196124.7296207,45.239990234375,61.0,0.5267034769058228,0.30344855785369873,1650196124.7296207,1650196138.633249
1650196138.8221061,46.39989471435547,61.0,1.0,0.359907865524292,1650196138.8221061,1650196149.1885092
1650196161.4999416,45.3582878112793,60.0,0.4214046895503998,0.2891574800014496,1650196161.4999416,1650196176.623969
1650196176.8479798,47.93818664550781,60.0,1.0,0.327210009098053,1650196176.8479798,1650196188.4879696
1650196188.6669414,45.74143981933594,60.0,0.5126050710678101,0.2898855209350586,1650196188.6669414,1650196203.5331116
1650196203.82408,44.531124114990234,60.0,1.0,0.37011659145355225,1650196203.82408,1650196214.0641093
1650196214.429316,47.565067291259766,60.0,1.0,0.32651156187057495,1650196214.429316,1650196226.475972
1650196226.6636848,42.994651794433594,60.0,1.0,0.3691067397594452,1650196226.6636848,1650196237.3161726
1650196237.524641,46.15974044799805,60.0,1.0,0.3109852075576782,1650196237.524641,1650196250.5879724
1650196251.0579052,45.086952209472656,60.0,0.9979381561279297,0.32108065485954285,1650196251.0579052,1650196263.8332198
1650196264.1216266,44.45569610595703,60.0,1.0,0.29748207330703735,1650196264.1216266,1650196278.2480497
1650196278.4518147,48.88142013549805,60.0,1.0,0.32042068243026733,1650196278.4518147,1650196290.624129
1650196290.7267694,43.446434020996094,60.0,0.7171491980552673,0.3337043225765228,1650196290.7267694,1650196303.800339
1650196316.4353795,43.74623489379883,61.0,0.997245192527771,0.37113481760025024,1650196316.4353795,1650196326.6305423
1650196326.8827765,44.37159729003906,61.0,0.8755868673324585,0.34259435534477234,1650196326.8827765,1650196338.6245217
1650196338.8157175,44.16846466064453,61.0,0.5470941662788391,0.31654447317123413,1650196338.8157175,1650196352.37743
1650196352.6538742,42.21063232421875,61.0,0.5857664346694946,0.3020610511302948,1650196352.6538742,1650196367.76855
1650196368.2496371,42.96632766723633,61.0,1.0,0.3737175464630127,1650196368.2496371,1650196378.699681
1650196378.9616425,46.49546432495117,61.0,1.0,0.35759925842285156,1650196378.9616425,1650196389.7799025
1650196390.058788,42.198062896728516,61.0,0.5555555820465088,0.3149704039096832,1650196390.058788,1650196403.9219835
1650196404.0492048,44.824642181396484,61.0,1.0,0.31158846616744995,1650196404.0492048,1650196417.6800995
1650196417.956821,44.598838806152344,61.0,0.5437262654304504,0.3083132207393646,1650196417.956821,1650196431.9257944
1650196432.0140803,45.095149993896484,61.0,0.427642285823822,0.2851329743862152,1650196432.0140803,1650196447.6255155
1650196447.8185208,44.30745315551758,61.0,1.0,0.3594425916671753,1650196447.8185208,1650196458.2907996
1650196458.5201108,46.08184814453125,61.0,1.0,0.3496417999267578,1650196458.5201108,1650196469.543974
1650196469.6633584,45.937679290771484,61.0,1.0,0.3307706117630005,1650196469.6633584,1650196481.8320186
1650196482.1759663,45.88700485229492,61.0,1.0,0.31311213970184326,1650196482.1759663,1650196495.2079785
1650196495.3960583,46.3922233581543,61.0,0.7234042286872864,0.34380707144737244,1650196495.3960583,1650196506.71261
1650196506.8018212,44.27720642089844,61.0,0.5486238598823547,0.30289125442504883,1650196506.8018212,1650196521.323966
1650196521.4936042,46.27849197387695,61.0,1.0,0.3548867106437683,1650196521.4936042,1650196531.8439848
1650196532.0228326,45.44977569580078,61.0,1.0,0.35093119740486145,1650196532.0228326,1650196542.9799824
1650196543.247547,44.70439147949219,61.0,1.0,0.2969569265842438,1650196543.247547,1650196558.4809494
1650196558.6951017,44.16372299194336,61.0,1.0,0.32933247089385986,1650196558.6951017,1650196571.443121
1650196571.6512353,45.27690505981445,61.0,0.7398843765258789,0.31038543581962585,1650196571.6512353,1650196584.9692833
1650196585.2076178,45.711753845214844,61.0,1.0,0.2946278154850006,1650196585.2076178,1650196599.7990508
1650196600.1465359,57.92091751098633,61.0,0.7094017267227173,0.26688024401664734,1650196600.1465359,1650196614.2519755
1650196614.3473241,50.26355743408203,61.0,0.522330105304718,0.31158846616744995,1650196614.3473241,1650196626.463458
1650196640.3176408,50.36836242675781,60.0,0.5961164832115173,0.31158846616744995,1650196640.3176408,1650196652.4482715
1650196652.6324923,47.96311569213867,60.0,0.8359375,0.3125,1650196652.6324923,1650196665.4131467
1650196665.5522022,49.00232696533203,60.0,0.742553174495697,0.32616403698921204,1650196665.5522022,1650196677.3679678
1650196677.5497782,47.269508361816406,60.0,0.6384180784225464,0.30685821175575256,1650196677.5497782,1650196691.0891616
1650196691.2294755,48.39895248413086,60.0,0.874476969242096,0.3234231173992157,1650196691.2294755,1650196702.7999742
1650196703.0550795,44.30565643310547,60.0,0.6762886643409729,0.32108065485954285,1650196703.0550795,1650196715.9879649
1650196716.2439187,47.43217086791992,60.0,0.8740919828414917,0.3479444980621338,1650196716.2439187,1650196727.354521
1650196727.4550993,43.84832763671875,60.0,1.0,0.36612600088119507,1650196727.4550993,1650196738.0370312
1650196738.2200258,46.92343521118164,60.0,1.0,0.3048553764820099,1650196738.2200258,1650196751.6035304
1650196751.734168,45.73899459838867,60.0,0.8208954930305481,0.352672815322876,1650196751.734168,1650196762.8625278
1650196763.2491941,46.396148681640625,60.0,0.5860000252723694,0.3162277638912201,1650196763.2491941,1650196775.771785
1650196775.9411092,44.31013870239258,60.0,0.9976798295974731,0.3406013548374176,1650196775.9411092,1650196787.8796859
1650196799.1086252,44.56342697143555,61.0,0.6713995933532715,0.31846487522125244,1650196799.1086252,1650196812.2359815
1650196812.4250247,45.960025787353516,61.0,1.0,0.27216553688049316,1650196812.4250247,1650196829.2875042
1650196829.4611833,41.40680694580078,61.0,1.0,0.37319669127464294,1650196829.4611833,1650196840.2323587
1650196840.3811028,44.85053253173828,61.0,0.5387387275695801,0.3001501262187958,1650196840.3811028,1650196855.1189432
1650196855.2212846,43.80760955810547,61.0,0.5727611780166626,0.3054236173629761,1650196855.2212846,1650196869.7393105
1650196869.8904722,47.19994354248047,61.0,0.5233160853385925,0.29386353492736816,1650196869.8904722,1650196884.403201
1650196884.6201804,47.30740737915039,61.0,0.7439862489700317,0.29310518503189087,1650196884.6201804,1650196898.9519737
1650196899.0804286,47.60686492919922,61.0,0.42881646752357483,0.2928537130355835,1650196899.0804286,1650196912.943975
1650196913.1024256,44.90553283691406,61.0,0.7319391369819641,0.3083132207393646,1650196913.1024256,1650196927.0205321
1650196927.5016978,46.58144760131836,61.0,1.0,0.30802056193351746,1650196927.5016978,1650196940.639975
1650196940.845694,44.242305755615234,61.0,0.5331069827079773,0.29135826230049133,1650196940.845694,1650196956.0799809
1650196956.280362,46.403446197509766,61.0,1.0,0.3471050560474396,1650196956.280362,1650196967.4433262
1650196967.5512495,47.8792724609375,61.0,1.0,0.35049980878829956,1650196967.5512495,1650196977.8479805
1650196978.1935477,44.6888542175293,61.0,1.0,0.3726779818534851,1650196978.1935477,1650196988.5093188
1650196988.6692152,44.91119384765625,61.0,1.0,0.3566882014274597,1650196988.6692152,1650196999.6909664
1650196999.8295026,48.90553283691406,61.0,0.7564102411270142,0.302613765001297,1650196999.8295026,1650197013.099985
1650197013.2623253,43.06075668334961,61.0,1.0,0.3691067397594452,1650197013.2623253,1650197023.8287911
1650197023.9903183,47.29695129394531,61.0,1.0,0.36131468415260315,1650197023.9903183,1650197034.18125
1650197034.3495152,44.732391357421875,61.0,0.6381579041481018,0.331133097410202,1650197034.3495152,1650197046.6225011
1650197046.7702131,45.68655014038086,61.0,0.6221765875816345,0.32042068243026733,1650197046.7702131,1650197059.4435275
1650197059.6659262,45.32758331298828,61.0,1.0,0.3594425916671753,1650197059.6659262,1650197070.4319973
1650197070.5909328,44.76118087768555,61.0,1.0,0.37113481760025024,1650197070.5909328,1650197080.9123764
1650197081.3294933,42.77387237548828,61.0,1.0,0.32862040400505066,1650197081.3294933,1650197094.0475378
1650197094.2386885,42.28081512451172,61.0,0.7025440335273743,0.3128056228160858,1650197094.2386885,1650197108.6187332
1650197108.7299294,44.733787536621094,61.0,0.8583691120147705,0.3275609016418457,1650197108.7299294,1650197121.4719763
1650197121.6350358,45.36161422729492,61.0,0.6636029481887817,0.30316951870918274,1650197121.6350358,1650197135.787971
1650197136.015373,41.146663665771484,61.0,0.5010570883750916,0.32512804865837097,1650197136.015373,1650197149.771045
1650197149.964283,43.1943359375,61.0,0.9038461446762085,0.3268602192401886,1650197149.964283,1650197162.627981
1650197162.7802289,47.10358810424805,61.0,1.0,0.32207831740379333,1650197162.7802289,1650197175.1359754
1650197175.2764819,50.37086868286133,61.0,1.0,0.3409971594810486,1650197175.2764819,1650197186.0962276
1650197186.2708743,46.94834899902344,61.0,1.0,0.3513641953468323,1650197186.2708743,1650197196.643976
1650197196.9054358,44.56943130493164,61.0,1.0,0.31528332829475403,1650197196.9054358,1650197209.8515284
1650197210.0128412,42.43213653564453,61.0,0.8643122911453247,0.3048553764820099,1650197210.0128412,1650197224.6479757
1650197224.9622877,46.20386505126953,61.0,1.0,0.3307706117630005,1650197224.9622877,1650197236.6279786
1650197236.7978523,45.36439895629883,61.0,0.7971014380455017,0.3475240170955658,1650197236.7978523,1650197248.1724102
1650197248.360772,44.21884536743164,61.0,1.0,0.31654447317123413,1650197248.360772,1650197261.8844178
1650197275.3735607,45.07429504394531,60.0,1.0,0.30316951870918274,1650197275.3735607,1650197289.3948565
1650197289.6620727,45.1478385925293,60.0,1.0,0.34921514987945557,1650197289.6620727,1650197300.6482017
1650197300.9823723,46.81028747558594,60.0,1.0,0.35093119740486145,1650197300.9823723,1650197311.9628642
1650197312.1571975,43.18224334716797,60.0,1.0,0.29907429218292236,1650197312.1571975,1650197327.1865237
1650197327.3295808,47.19527816772461,60.0,1.0,0.3571428656578064,1650197327.3295808,1650197337.7119756
1650197337.9780786,44.97560501098633,60.0,1.0,0.3318616449832916,1650197337.9780786,1650197350.1846955
1650197350.3718126,45.11872100830078,60.0,0.8666666746139526,0.34503278136253357,1650197350.3718126,1650197361.7639797
1650197362.0788941,42.34013748168945,60.0,1.0,0.33903175592422485,1650197362.0788941,1650197374.1950572
1650197374.378391,42.336090087890625,60.0,1.0,0.3752933144569397,1650197374.378391,1650197385.2202044
1650197385.5091257,44.897422790527344,60.0,1.0,0.3454442620277405,1650197385.5091257,1650197397.0465367
1650197397.3973312,42.886634826660156,60.0,0.9203084707260132,0.3585173785686493,1650197397.3973312,1650197408.1232839
1650197408.2487898,45.752525329589844,60.0,1.0,0.327210009098053,1650197408.2487898,1650197420.5759785
1650197434.5218472,46.01372146606445,61.0,0.997474730014801,0.3553345203399658,1650197434.5218472,1650197445.1273797
1650197445.2756913,46.90861129760742,61.0,0.625,0.3054236173629761,1650197445.2756913,1650197458.9192414
1650197459.0245652,44.26594924926758,61.0,0.7306791543960571,0.34219294786453247,1650197459.0245652,1650197470.703971
1650197470.8728166,45.8245849609375,61.0,1.0,0.3162277638912201,1650197470.8728166,1650197483.9880471
1650197484.1559985,43.84733963012695,61.0,0.7762863636016846,0.33445003628730774,1650197484.1559985,1650197496.4486482
1650197496.5283043,45.371158599853516,61.0,0.6432865858078003,0.31654447317123413,1650197496.5283043,1650197509.6423624
1650197509.8265886,50.336544036865234,61.0,1.0,0.3322277367115021,1650197509.8265886,1650197520.892108
1650197521.1607873,48.55258560180664,61.0,1.0,0.33671751618385315,1650197521.1607873,1650197532.4681156
1650197532.6268678,47.898555755615234,61.0,0.4330826997756958,0.2742042541503906,1650197532.6268678,1650197548.5563664
1650197548.695369,53.80693817138672,61.0,1.0,0.33786869049072266,1650197548.695369,1650197559.2702131
1650197559.4052687,49.98667907714844,61.0,1.0,0.3513641953468323,1650197559.4052687,1650197569.5879815
1650197569.863043,56.87762451171875,61.0,1.0,0.331133097410202,1650197569.863043,1650197580.1131198
1650197580.2685752,53.04268264770508,61.0,0.49180328845977783,0.30178582668304443,1650197580.2685752,1650197592.6359737
1650197592.9317226,52.88361740112305,61.0,1.0,0.32042068243026733,1650197592.9317226,1650197604.0882964
1650197604.2498808,52.250465393066406,61.0,1.0,0.3307706117630005,1650197604.2498808,1650197615.4268146
1650197615.6814997,53.35725402832031,61.0,0.867617130279541,0.3191128373146057,1650197615.6814997,1650197627.1138718
1650197627.4196768,53.554901123046875,61.0,0.7152542471885681,0.2911112606525421,1650197627.4196768,1650197640.4343586
1650197640.5232804,50.65238952636719,61.0,1.0,0.29617443680763245,1650197640.5232804,1650197653.7309499
1650197653.9626138,48.882381439208984,61.0,1.0,0.3585173785686493,1650197653.9626138,1650197664.068504
1650197664.2221208,47.69835662841797,61.0,0.7010752558708191,0.32791292667388916,1650197664.2221208,1650197676.214148
1650197676.3584201,48.90363693237305,61.0,0.5920634865760803,0.28171807527542114,1650197676.3584201,1650197691.4288738
1650197691.549088,51.08002471923828,61.0,1.0,0.29086485505104065,1650197691.549088,1650197704.9006867
1650197705.0135517,51.51789474487305,61.0,0.6603119373321533,0.29437240958213806,1650197705.0135517,1650197718.639885
1650197718.9382446,50.328697204589844,61.0,0.734000027179718,0.3162277638912201,1650197718.9382446,1650197730.9393497
1650197731.1111617,48.03077697753906,61.0,1.0,0.34020692110061646,1650197731.1111617,1650197742.1665728
1650197742.3723266,52.039276123046875,61.0,1.0,0.31591200828552246,1650197742.3723266,1650197754.2479718
1650197754.3863492,48.297264099121094,61.0,1.0,0.35223498940467834,1650197754.3863492,1650197764.6353772
1650197764.7409055,51.75018310546875,61.0,0.7854077219963074,0.3275609016418457,1650197764.7409055,1650197775.7553594
1650197775.9656093,53.1026725769043,61.0,1.0,0.33445003628730774,1650197775.9656093,1650197786.6242063
1650197786.911916,49.07706832885742,61.0,1.0,0.32651156187057495,1650197786.911916,1650197798.2410362
1650197798.4853606,50.172096252441406,61.0,1.0,0.30151134729385376,1650197798.4853606,1650197811.1417978
1650197811.3158617,44.225074768066406,61.0,1.0,0.3706246614456177,1650197811.3158617,1650197821.6719773
1650197821.8276942,46.97111511230469,61.0,0.9773755669593811,0.3363364040851593,1650197821.8276942,1650197833.3879902
1650197833.5564115,44.779727935791016,61.0,0.908433735370636,0.3471050560474396,1650197833.5564115,1650197845.1018147
1650197845.2729855,46.91682815551758,61.0,1.0,0.295398086309433,1650197845.2729855,1650197859.5962043
1650197870.5085347,50.068138122558594,61.0,1.0,0.3143472969532013,1650197870.5085347,1650197882.6519856
1650197882.7787726,46.7503776550293,61.0,0.8545454740524292,0.33709993958473206,1650197882.7787726,1650197894.0514092
1650197894.31328,49.33864974975586,61.0,0.9819276928901672,0.2744106352329254,1650197894.31328,1650197909.9602423
1650197910.2349207,47.00419616699219,61.0,0.7935943007469177,0.2982749938964844,1650197910.2349207,1650197924.0847483
1650197924.2324471,47.251800537109375,61.0,0.6289198398590088,0.29514065384864807,1650197924.2324471,1650197938.432964
1650197938.688009,44.46391677856445,61.0,0.5419847369194031,0.3089010417461395,1650197938.688009,1650197952.4519782
1650197952.6861165,44.06409454345703,61.0,0.6407982110977173,0.33296358585357666,1650197952.6861165,1650197965.2587113
1650197965.3957002,44.819671630859375,61.0,0.6060100197792053,0.2889159917831421,1650197965.3957002,1650197980.879972
1650197981.1459243,43.836055755615234,61.0,1.0,0.3134195804595947,1650197981.1459243,1650197994.6279764
1650197994.7642746,47.8289680480957,61.0,1.0,0.33709993958473206,1650197994.7642746,1650198005.7199786
1650198005.8498287,44.96492004394531,61.0,1.0,0.3617872893810272,1650198005.8498287,1650198016.5692964
1650198016.6504576,43.34978485107422,61.0,0.7326086759567261,0.32969024777412415,1650198016.6504576,1650198029.6839714
1650198029.8100333,45.101318359375,61.0,0.5962343215942383,0.3234231173992157,1650198029.8100333,1650198042.5591063
1650198042.759962,46.256900787353516,61.0,0.8101544976234436,0.3322277367115021,1650198042.759962,1650198054.8662639
1650198055.0441504,49.61993408203125,61.0,1.0,0.3268602192401886,1650198055.0441504,1650198066.229171
1650198066.420707,46.24395751953125,61.0,1.0,0.3071475625038147,1650198066.420707,1650198079.9359868
1650198080.0483813,44.410865783691406,61.0,0.6636155843734741,0.33825504779815674,1650198080.0483813,1650198092.1850507
1650198092.4276574,51.182926177978516,61.0,1.0,0.31591200828552246,1650198092.4276574,1650198104.130779
1650198104.347392,46.21572494506836,61.0,0.5875251293182373,0.3171807527542114,1650198104.347392,1650198117.1785223
1650198117.2818677,45.66603088378906,61.0,1.0,0.29185420274734497,1650198117.2818677,1650198132.5229561
1650198132.6429052,44.230743408203125,61.0,1.0,0.3386427164077759,1650198132.6429052,1650198144.6255207
1650198144.7806165,42.99139404296875,61.0,1.0,0.3737175464630127,1650198144.7806165,1650198155.0617435
1650198155.288782,48.07103729248047,61.0,1.0,0.3062819540500641,1650198155.288782,1650198168.3319783
1650198168.4826236,46.288936614990234,61.0,0.8833693265914917,0.32862040400505066,1650198168.4826236,1650198180.4725294
1650198180.5674326,42.45927047729492,61.0,0.6910569071769714,0.3187883496284485,1650198180.5674326,1650198194.627967
1650198194.7417352,44.92137908935547,61.0,0.62129145860672,0.295398086309433,1650198194.7417352,1650198209.5676377
1650198209.6742978,43.290855407714844,61.0,0.8767442107200623,0.3409971594810486,1650198209.6742978,1650198221.4319777
1650198221.7154565,45.81332778930664,61.0,1.0,0.3168621361255646,1650198221.7154565,1650198234.5719771
1650198234.7576685,43.37904739379883,61.0,1.0,0.3646624684333801,1650198234.7576685,1650198245.4079719
1650198245.4996662,46.00816345214844,61.0,1.0,0.35897907614707947,1650198245.4996662,1650198255.910862
1650198256.0638826,43.60179138183594,61.0,1.0,0.30344855785369873,1650198256.0638826,1650198270.4669604
1650198270.774413,47.94586181640625,61.0,0.6077347993850708,0.30344855785369873,1650198270.774413,1650198284.018517
1650198284.1884112,47.357086181640625,61.0,1.0,0.30860671401023865,1650198284.1884112,1650198297.195968
1650198297.3768313,45.21745681762695,61.0,1.0,0.3608439266681671,1650198297.3768313,1650198307.9479702
1650198308.2012622,42.28569412231445,61.0,0.774193525314331,0.3175003230571747,1650198308.2012622,1650198322.059377
1650198322.3133907,42.61680221557617,61.0,1.0,0.2936100959777832,1650198322.3133907,1650198337.7533097
1650198338.0821834,43.32087707519531,61.0,1.0,0.36369648575782776,1650198338.0821834,1650198348.7698705
1650198348.8554018,44.05378723144531,61.0,1.0,0.3834824860095978,1650198348.8554018,1650198359.1382864
1650198359.5616512,48.17878723144531,61.0,1.0,0.3234231173992157,1650198359.5616512,1650198371.4756086
1650198371.6742618,49.62861633300781,61.0,1.0,0.331133097410202,1650198371.6742618,1650198382.6759787
1650198383.042102,42.947593688964844,61.0,1.0,0.3171807527542114,1650198383.042102,1650198396.6400697
1650198396.8148499,48.20876693725586,61.0,1.0,0.29591497778892517,1650198396.8148499,1650198411.1690855
1650198411.3175802,47.561946868896484,61.0,0.57230144739151,0.3191128373146057,1650198411.3175802,1650198424.016808
1650198424.3207293,50.56203842163086,61.0,1.0,0.25,1650198424.3207293,1650198442.5359762
1650198442.8694685,44.55977249145508,61.0,0.7264770269393921,0.3307706117630005,1650198442.8694685,1650198455.391974
1650198455.9846838,49.54487228393555,61.0,1.0,0.2858309745788574,1650198455.9846838,1650198470.2545762
1650198470.4320178,47.42302322387695,61.0,0.7121848464012146,0.32410186529159546,1650198470.4320178,1650198482.6623642
1650198482.8334649,44.30594253540039,61.0,1.0,0.35311228036880493,1650198482.8334649,1650198493.8929296
1650198494.071567,44.68684387207031,61.0,1.0,0.32933247089385986,1650198494.071567,1650198506.647976
1650198506.7501647,42.333587646484375,61.0,1.0,0.3857583701610565,1650198506.7501647,1650198516.8367183
1650198517.0639355,42.84904098510742,61.0,1.0,0.25906386971473694,1650198517.0639355,1650198536.6209657
1650198536.8665764,46.0036506652832,61.0,1.0,0.31591200828552246,1650198536.8665764,1650198549.9959698
1650198550.5223072,44.512939453125,61.0,1.0,0.31654447317123413,1650198550.5223072,1650198563.6645534
1650198564.0329618,47.13724136352539,61.0,1.0,0.30978909134864807,1650198564.0329618,1650198577.0799706
1650198577.2669752,47.92205810546875,61.0,1.0,0.34836649894714355,1650198577.2669752,1650198588.0553267
1650198588.6195202,47.67960739135742,61.0,1.0,0.30685821175575256,1650198588.6195202,1650198601.895636
1650198602.1467054,45.079139709472656,61.0,0.5727136135101318,0.2737928330898285,1650198602.1467054,1650198618.7841127
1650198618.951761,47.37135314941406,61.0,1.0,0.3475240170955658,1650198618.951761,1650198630.0766275
1650198630.3916492,47.07432556152344,61.0,1.0,0.27317917346954346,1650198630.3916492,1650198646.4301164
1650198646.5832229,44.846988677978516,61.0,1.0,0.3706246614456177,1650198646.5832229,1650198656.6619377
1650198656.797303,43.17241668701172,61.0,1.0,0.28216633200645447,1650198656.797303,1650198673.3819659
1650198673.9747353,50.280616760253906,61.0,1.0,0.3333333432674408,1650198673.9747353,1650198684.8536792
1650198685.1365724,46.01728439331055,61.0,1.0,0.3471050560474396,1650198685.1365724,1650198696.3497508
1650198696.7494066,46.34858322143555,61.0,1.0,0.31128638982772827,1650198696.7494066,1650198709.716362
1650198710.02757,48.80904769897461,61.0,1.0,0.33786869049072266,1650198710.02757,1650198721.2959728
1650198721.6570394,45.19125747680664,61.0,1.0,0.2775636911392212,1650198721.6570394,1650198737.832734
1650198738.228064,47.09465026855469,61.0,1.0,0.3125,1650198738.228064,1650198751.0320656
1650198751.2143145,44.080875396728516,61.0,1.0,0.37164705991744995,1650198751.2143145,1650198761.8084779
1650198761.923366,42.25309753417969,61.0,1.0,0.31008684635162354,1650198761.923366,1650198775.9105067
1650198776.059942,41.065147399902344,61.0,1.0,0.33709993958473206,1650198776.059942,1650198788.5279362
1650198788.8175182,45.41839599609375,61.0,0.8839907050132751,0.3406013548374176,1650198788.8175182,1650198800.0684657
1650198800.1760447,44.65733337402344,61.0,0.7450658082962036,0.28676965832710266,1650198800.1760447,1650198815.7389977
1650198815.8737295,45.88334655761719,61.0,0.5853658318519592,0.29514065384864807,1650198815.8737295,1650198830.4759777
1650198830.8024178,48.616695404052734,61.0,1.0,0.3394221067428589,1650198830.8024178,1650198841.9919891
1650198842.3523347,45.68082046508789,61.0,0.9190938472747803,0.2844400703907013,1650198842.3523347,1650198857.9606364
1650198858.274545,49.064208984375,61.0,1.0,0.32791292667388916,1650198858.274545,1650198869.4639642
1650198869.5745704,49.62227249145508,61.0,1.0,0.2790727913379669,1650198869.5745704,1650198884.6887507
1650198884.8715007,42.984397888183594,61.0,1.0,0.29907429218292236,1650198884.8715007,1650198899.8769457
1650198900.158388,43.673728942871094,61.0,1.0,0.2928537130355835,1650198900.158388,1650198915.8199773
1650198915.9623358,42.934974670410156,61.0,0.4630434811115265,0.32969024777412415,1650198915.9623358,1650198928.8189874
1650198929.2038405,46.375553131103516,61.0,1.0,0.359907865524292,1650198929.2038405,1650198939.4678693
1650198939.5811799,45.98350524902344,61.0,0.8619957566261292,0.32581761479377747,1650198939.5811799,1650198951.715966
1650198951.8992064,46.41334533691406,61.0,1.0,0.2849014401435852,1650198951.8992064,1650198967.4119866
1650198967.6364486,48.09787368774414,61.0,1.0,0.34921514987945557,1650198967.6364486,1650198978.5724828
1650198978.8393424,44.637142181396484,61.0,0.591093122959137,0.3181423842906952,1650198978.8393424,1650198992.1914515
1650198992.280011,47.2728157043457,61.0,0.6810933947563171,0.33748364448547363,1650198992.280011,1650199004.0203736
1650199004.2513604,44.789527893066406,61.0,0.9408740401268005,0.3585173785686493,1650199004.2513604,1650199014.8788445
1650199015.0720057,45.934814453125,61.0,1.0,0.3237619400024414,1650199015.0720057,1650199027.5679748
1650199038.0411682,43.210044860839844,60.0,0.6746323704719543,0.30316951870918274,1650199038.0411682,1650199053.0839672
1650199053.449949,45.06669998168945,60.0,0.6995798349380493,0.32410186529159546,1650199053.449949,1650199065.875975
1650199066.0067847,43.577728271484375,60.0,0.6271551847457886,0.32826608419418335,1650199066.0067847,1650199078.7197006
1650199078.94301,43.275875091552734,60.0,0.8394160866737366,0.3487900495529175,1650199078.94301,1650199090.6354368
1650199090.8840885,45.83863830566406,60.0,1.0,0.3074377179145813,1650199090.8840885,1650199104.3879805
1650199104.478956,44.49946594238281,60.0,1.0,0.37424060702323914,1650199104.478956,1650199114.72627
1650199114.9630132,44.780113220214844,60.0,0.7915691137313843,0.34219294786453247,1650199114.9630132,1650199126.619974
1650199126.9690754,44.34019088745117,60.0,1.0,0.3191128373146057,1650199126.9690754,1650199140.1399703
1650199140.2605672,45.69529724121094,60.0,1.0,0.36612600088119507,1650199140.2605672,1650199150.7211618
1650199150.9608521,45.77840042114258,60.0,0.6781326532363892,0.35049980878829956,1650199150.9608521,1650199161.7519677
1650199161.859466,42.52446746826172,60.0,1.0,0.3548867106437683,1650199161.859466,1650199173.1941175
1650199173.4408617,41.67942810058594,60.0,1.0,0.3571428656578064,1650199173.4408617,1650199185.1252832
1650199185.3630674,42.234291076660156,60.0,0.7898550629615784,0.3475240170955658,1650199185.3630674,1650199197.6753376
1650199197.785711,45.364715576171875,60.0,1.0,0.35578402876853943,1650199197.785711,1650199208.8736236
1650199209.0468261,46.62870407104492,60.0,0.6297872066497803,0.32616403698921204,1650199209.0468261,1650199221.5927463
1650199221.9170792,43.22736740112305,60.0,1.0,0.3840476870536804,1650199221.9170792,1650199232.1189497
1650199232.3469841,43.454654693603516,60.0,0.65444016456604,0.3106848895549774,1650199232.3469841,1650199246.4076183
1650199246.536162,46.20103454589844,60.0,0.5443548560142517,0.3175003230571747,1650199246.536162,1650199259.7393298
1650199259.8775818,45.63081741333008,60.0,0.9948320388793945,0.3594425916671753,1650199259.8775818,1650199270.5282788
1650199270.6820865,46.227046966552734,60.0,1.0,0.35223498940467834,1650199270.6820865,1650199281.2386773
1650199281.4228816,43.02953338623047,60.0,0.7432098984718323,0.3513641953468323,1650199281.4228816,1650199292.6942096
1650199292.759558,43.996559143066406,60.0,1.0,0.32933247089385986,1650199292.759558,1650199305.465097
1650199305.562213,42.63265609741211,60.0,0.5099099278450012,0.3001501262187958,1650199305.562213,1650199320.5741794
1650199320.9100313,46.953426361083984,60.0,1.0,0.34259435534477234,1650199320.9100313,1650199331.793156
1650199331.978502,44.38964080810547,60.0,1.0,0.3785055875778198,1650199331.978502,1650199342.0484192
1650199342.2063134,46.379783630371094,60.0,1.0,0.3594425916671753,1650199342.2063134,1650199352.490967
1650199366.0619326,47.20204162597656,61.0,0.6331058144569397,0.292103111743927,1650199366.0619326,1650199380.4892747
1650199380.7088268,46.77484893798828,61.0,0.6570972800254822,0.2823912501335144,1650199380.7088268,1650199396.165852
1650199396.4015472,45.92626190185547,61.0,1.0,0.36131468415260315,1650199396.4015472,1650199406.7659872
1650199407.0073674,43.39133071899414,61.0,1.0,0.37164705991744995,1650199407.0073674,1650199417.4011486
1650199417.4889576,46.925010681152344,61.0,1.0,0.30772873759269714,1650199417.4889576,1650199430.78677
1650199430.978661,45.05717468261719,61.0,1.0,0.3394221067428589,1650199430.978661,1650199442.6305232
1650199442.7326403,44.261375427246094,61.0,1.0,0.35093119740486145,1650199442.7326403,1650199453.9839847
1650199454.1407082,45.359413146972656,61.0,0.687089741230011,0.3307706117630005,1650199454.1407082,1650199466.3983629
1650199466.595165,44.48035430908203,61.0,0.8309859037399292,0.3171807527542114,1650199466.595165,1650199479.836966
1650199480.0183067,45.58263397216797,61.0,0.5714285969734192,0.3045724630355835,1650199480.0183067,1650199493.6199775
1650199493.757183,41.60660934448242,61.0,0.8170731663703918,0.34921514987945557,1650199493.757183,1650199505.7985396
1650199505.9479418,41.08436965942383,61.0,0.605381190776825,0.3348247706890106,1650199505.9479418,1650199518.8969057
1650199519.0414445,41.86292266845703,61.0,1.0,0.29643458127975464,1650199519.0414445,1650199534.8071852
1650199535.0294425,46.65378952026367,61.0,0.9297052025794983,0.33671751618385315,1650199535.0294425,1650199546.3039823
1650199546.4418445,44.667415618896484,61.0,0.7772511839866638,0.2810497283935547,1650199546.4418445,1650199562.650528
1650199562.8411007,42.94392776489258,61.0,1.0,0.35093119740486145,1650199562.8411007,1650199574.088325
1650199574.2843006,45.56645584106445,61.0,1.0,0.31559720635414124,1650199574.2843006,1650199587.2763143
1650199587.5167716,48.23945236206055,61.0,0.7591241002082825,0.3020610511302948,1650199587.5167716,1650199601.1363294
1650199601.3625467,45.88673782348633,61.0,0.6931330561637878,0.3275609016418457,1650199601.3625467,1650199613.6100945
1650199613.8847156,42.15230178833008,61.0,1.0,0.36273813247680664,1650199613.8847156,1650199624.9873126
1650199625.1970642,43.746002197265625,61.0,1.0,0.36810508370399475,1650199625.1970642,1650199635.6208742
1650199635.8531861,45.0502815246582,61.0,1.0,0.36961063742637634,1650199635.8531861,1650199645.9752095
1650199646.2346363,44.48139572143555,61.0,0.5895372033119202,0.3171807527542114,1650199646.2346363,1650199659.6559775
1650199659.8375654,45.45963668823242,61.0,1.0,0.30233702063560486,1650199659.8375654,1650199674.0479734
1650199674.2124634,46.760475158691406,61.0,0.6459770202636719,0.33903175592422485,1650199674.2124634,1650199685.5468218
1650199685.6643612,46.22258377075195,61.0,0.8441246747970581,0.34627169370651245,1650199685.6643612,1650199696.6330252
1650199696.764796,44.835994720458984,61.0,1.0,0.3275609016418457,1650199696.764796,1650199709.3439753
1650199709.7761154,46.3152961730957,61.0,1.0,0.3386427164077759,1650199709.7761154,1650199721.3489664
1650199721.6238484,44.898773193359375,61.0,1.0,0.3191128373146057,1650199721.6238484,1650199734.7199748
1650199734.897294,44.345245361328125,61.0,0.7538126111030579,0.33004918694496155,1650199734.897294,1650199747.2999763
1650199747.570934,43.49427032470703,61.0,1.0,0.3539961576461792,1650199747.570934,1650199758.974735
1650199759.0968213,42.347679138183594,61.0,0.45840707421302795,0.29748207330703735,1650199759.0968213,1650199774.8237746
1650199774.9857237,40.22681427001953,61.0,1.0,0.3471050560474396,1650199774.9857237,1650199787.489821
1650199787.6695933,45.361385345458984,61.0,1.0,0.33786869049072266,1650199787.6695933,1650199799.2212687
1650199799.3753145,48.34915542602539,61.0,1.0,0.3413943648338318,1650199799.3753145,1650199810.4199746
1650199810.5899322,42.062278747558594,61.0,1.0,0.3874921202659607,1650199810.5899322,1650199820.693997
1650199820.990571,44.58211898803711,61.0,0.8692945837974548,0.32207831740379333,1650199820.990571,1650199833.8208265
1650199834.0138724,45.33860397338867,61.0,1.0,0.33709993958473206,1650199834.0138724,1650199845.9683645
1650199846.0771067,42.79647445678711,61.0,0.7180722951889038,0.3471050560474396,1650199846.0771067,1650199857.9706097
1650199858.2186327,44.190731048583984,61.0,1.0,0.3337043225765228,1650199858.2186327,1650199870.2799857
1650199870.3804939,39.4443359375,61.0,1.0,0.38461539149284363,1650199870.3804939,1650199880.876297
1650199881.0655286,43.212562561035156,61.0,1.0,0.35897907614707947,1650199881.0655286,1650199892.1039855
1650199892.2186341,46.39144515991211,61.0,0.7647058963775635,0.33004918694496155,1650199892.2186341,1650199904.4407153
1650199904.6702702,44.645503997802734,61.0,0.8265060186386108,0.3471050560474396,1650199904.6702702,1650199915.8472073
1650199916.0025287,40.76410675048828,61.0,1.0,0.3874921202659607,1650199916.0025287,1650199926.1339908
1650199926.543331,48.5092658996582,61.0,1.0,0.3479444980621338,1650199926.543331,1650199937.1186304
1650199937.3076332,45.60514831542969,61.0,0.5424028038978577,0.2972191572189331,1650199937.3076332,1650199951.6919744
1650199951.8236368,45.53443908691406,61.0,1.0,0.32933247089385986,1650199951.8236368,1650199964.143982
1650199964.4657593,46.16401290893555,61.0,1.0,0.3409971594810486,1650199964.4657593,1650199975.5999732
1650199975.7611673,43.09441375732422,61.0,0.5484496355056763,0.31128638982772827,1650199975.7611673,1650199989.84652
1650199990.0060267,41.52970886230469,61.0,0.6305882334709167,0.34299716353416443,1650199990.0060267,1650200002.0215218
1650200002.150906,42.04308319091797,61.0,1.0,0.3553345203399658,1650200002.150906,1650200013.9245431
1650200014.0806239,43.03371047973633,61.0,1.0,0.331133097410202,1650200014.0806239,1650200027.0239651
1650200027.2895563,46.41508102416992,61.0,0.5664206743240356,0.3037283718585968,1650200027.2895563,1650200040.8627305
1650200040.9937963,45.045902252197266,61.0,0.8056871891021729,0.34421420097351074,1650200040.9937963,1650200052.8039715
1650200052.9445207,45.273475646972656,61.0,1.0,0.32969024777412415,1650200052.9445207,1650200065.3358824
1650200065.6445212,48.54907989501953,61.0,1.0,0.3548867106437683,1650200065.6445212,1650200075.9639754
1650200076.0958998,46.16881561279297,61.0,0.9396985173225403,0.3544405996799469,1650200076.0958998,1650200087.0773377
1650200087.3156238,44.03681945800781,61.0,0.9305912852287292,0.3585173785686493,1650200087.3156238,1650200098.1247609
1650200098.2602615,45.90160369873047,61.0,1.0,0.3608439266681671,1650200098.2602615,1650200108.7391982
1650200108.9559047,43.39240264892578,61.0,0.7365967631340027,0.3413943648338318,1650200108.9559047,1650200120.6399782
1650200120.7532203,43.762054443359375,61.0,1.0,0.3646624684333801,1650200120.7532203,1650200131.5159693
1650200131.9114695,45.95513153076172,61.0,1.0,0.34219294786453247,1650200131.9114695,1650200143.4879785
1650200143.7805345,47.236717224121094,61.0,1.0,0.3594425916671753,1650200143.7805345,1650200154.047971
1650200154.2143981,44.61336898803711,61.0,0.9127516746520996,0.33445003628730774,1650200154.2143981,1650200166.2959788
1650200166.6322637,42.27484893798828,61.0,1.0,0.34503278136253357,1650200166.6322637,1650200178.6961746
1650200178.9248884,42.696876525878906,61.0,1.0,0.36037498712539673,1650200178.9248884,1650200190.4479797
1650200190.7329013,48.65803909301758,61.0,1.0,0.33407655358314514,1650200190.7329013,1650200202.5089612
1650200202.6350617,55.95494079589844,61.0,1.0,0.31038543581962585,1650200202.6350617,1650200213.9119928
1650200214.0665882,54.637359619140625,61.0,0.6981450319290161,0.29037395119667053,1650200214.0665882,1650200227.0613594
1650200227.2678425,52.51460647583008,61.0,1.0,0.32826608419418335,1650200227.2678425,1650200238.4456854
1650200238.6157184,55.97142791748047,61.0,1.0,0.2946278154850006,1650200238.6157184,1650200250.871972
1650200250.9710305,49.61112976074219,61.0,0.4926590621471405,0.2855977416038513,1650200250.9710305,1650200265.6653142
1650200265.8673465,52.913536071777344,61.0,0.4772370457649231,0.2801659107208252,1650200265.8673465,1650200280.060312
1650200280.4299483,50.534366607666016,61.0,1.0,0.2901294231414795,1650200280.4299483,1650200294.5985243
1650200294.7923665,49.94272232055664,61.0,0.9056974649429321,0.3134195804595947,1650200294.7923665,1650200307.08645
1650200307.2953675,47.024436950683594,61.0,1.0,0.34020692110061646,1650200307.2953675,1650200318.3959785
1650200318.5779061,45.55120849609375,61.0,1.0,0.3752933144569397,1650200318.5779061,1650200328.6325238
1650200328.8368406,45.903350830078125,61.0,1.0,0.36369648575782776,1650200328.8368406,1650200338.9014654
1650200339.1725016,42.99973678588867,61.0,1.0,0.35805743932724,1650200339.1725016,1650200350.1725688
1650200350.4322293,43.41258239746094,61.0,0.9010100960731506,0.31782087683677673,1650200350.4322293,1650200364.0457935
1650200364.307299,46.13901138305664,61.0,0.5417376756668091,0.29185420274734497,1650200364.307299,1650200379.1754117
1650200379.3424742,48.79420852661133,61.0,0.4951266944408417,0.3121952712535858,1650200379.3424742,1650200391.9669232
1650200392.1956377,46.355628967285156,61.0,0.5327510833740234,0.2697780728340149,1650200392.1956377,1650200409.1730797
1650200409.425384,44.34873962402344,61.0,0.7943444848060608,0.3585173785686493,1650200409.425384,1650200420.4516275
1650200420.6357105,46.84763717651367,61.0,0.7873684167861938,0.3244428336620331,1650200420.6357105,1650200432.5039713
1650200432.7134984,46.790794372558594,61.0,1.0,0.3409971594810486,1650200432.7134984,1650200444.0618844
1650200444.241112,44.50248718261719,61.0,0.9979633688926697,0.3191128373146057,1650200444.241112,1650200457.363974
1650200457.4990447,44.714622497558594,61.0,1.0,0.363216370344162,1650200457.4990447,1650200468.0325117
1650200468.325887,47.20758056640625,61.0,0.748826265335083,0.34259435534477234,1650200468.325887,1650200479.446982
1650200479.5739374,47.42451477050781,61.0,1.0,0.3454442620277405,1650200479.5739374,1650200490.6230755
1650200490.7374558,45.31438446044922,61.0,1.0,0.37424060702323914,1650200490.7374558,1650200500.8666902
1650200501.2477207,46.51264190673828,61.0,1.0,0.34299716353416443,1650200501.2477207,1650200512.1479833
1650200512.2869787,46.65859603881836,61.0,0.9978678226470947,0.32651156187057495,1650200512.2869787,1650200524.6319711
1650200524.9248798,43.144142150878906,61.0,1.0,0.3691067397594452,1650200524.9248798,1650200535.5404575
1650200535.6720157,45.23044204711914,61.0,0.9692307710647583,0.35805743932724,1650200535.6720157,1650200546.615972
1650200546.807312,48.20623779296875,61.0,0.9019138813018799,0.3458572328090668,1650200546.807312,1650200557.8639722
1650200558.1366606,44.82566833496094,61.0,0.7006369233131409,0.32581761479377747,1650200558.1366606,1650200570.8079722
1650200571.009398,49.328758239746094,61.0,0.9978070259094238,0.331133097410202,1650200571.009398,1650200582.523979
1650200582.8407967,48.01250457763672,61.0,1.0,0.3083132207393646,1650200582.8407967,1650200595.9623783
1650200596.2886238,49.32576370239258,61.0,0.44014084339141846,0.29669541120529175,1650200596.2886238,1650200609.6893282
1650200609.9218898,49.93775939941406,61.0,0.4960629940032959,0.28060677647590637,1650200609.9218898,1650200624.5200613
1650200641.098086,45.91779327392578,60.0,0.6122449040412903,0.3045724630355835,1650200641.098086,1650200655.1231506
1650200655.2905123,43.454227447509766,60.0,0.4810126721858978,0.3006923794746399,1650200655.2905123,1650200669.7885263
1650200669.9635773,46.376976013183594,60.0,1.0,0.3417929708957672,1650200669.9635773,1650200681.1544755
1650200681.3213449,46.03805160522461,60.0,1.0,0.2948839068412781,1650200681.3213449,1650200695.9179664
1650200696.164629,47.31704330444336,60.0,1.0,0.3394221067428589,1650200696.164629,1650200707.259997
1650200707.4703364,46.38892364501953,60.0,0.7714884877204895,0.3237619400024414,1650200707.4703364,1650200719.8439798
1650200720.1090722,43.9318733215332,60.0,0.738095223903656,0.34503278136253357,1650200720.1090722,1650200732.1959682
1650200732.3222718,48.95378112792969,60.0,0.4593639671802521,0.2972191572189331,1650200732.3222718,1650200745.9269412
1650200746.0289483,45.94430923461914,60.0,0.5730550289154053,0.30802056193351746,1650200746.0289483,1650200759.7629673
1650200759.9600024,46.159027099609375,60.0,1.0,0.33748364448547363,1650200759.9600024,1650200771.6153605
1650200771.7215595,45.72947692871094,60.0,0.581632673740387,0.31943827867507935,1650200771.7215595,1650200784.6235216
1650200796.708536,46.1170539855957,61.0,1.0,0.32308533787727356,1650200796.708536,1650200808.959969
1650200809.0941148,44.99434280395508,61.0,1.0,0.37319669127464294,1650200809.0941148,1650200819.3398468
1650200819.4981668,44.0150146484375,61.0,0.7455357313156128,0.33407655358314514,1650200819.4981668,1650200831.7439876
1650200831.86957,44.377017974853516,61.0,1.0,0.3737175464630127,1650200831.86957,1650200842.0324879
1650200842.2538524,47.79231262207031,61.0,0.704741358757019,0.32826608419418335,1650200842.2538524,1650200854.2641523
1650200854.5921433,45.88829803466797,61.0,1.0,0.3466876149177551,1650200854.5921433,1650200865.7060876
1650200865.8081448,48.231895446777344,61.0,1.0,0.3187883496284485,1650200865.8081448,1650200877.957781
1650200878.22184,47.93818283081055,61.0,1.0,0.29748207330703735,1650200878.22184,1650200892.156452
1650200892.3762789,47.58964920043945,61.0,0.7815275192260742,0.298009991645813,1650200892.3762789,1650200906.3078794
1650200906.5579185,43.030826568603516,61.0,0.903553307056427,0.35623523592948914,1650200906.5579185,1650200918.223974
1650200918.363053,46.3055534362793,61.0,1.0,0.33709993958473206,1650200918.363053,1650200930.1542954
1650200930.4412754,49.310272216796875,61.0,0.8500000238418579,0.33709993958473206,1650200930.4412754,1650200941.3315008
1650200941.5590816,46.861515045166016,61.0,0.9278846383094788,0.3466876149177551,1650200941.5590816,1650200952.634268
1650200952.7495217,45.24089431762695,61.0,0.8069105744361877,0.3187883496284485,1650200952.7495217,1650200965.724508
1650200965.8073466,44.13862991333008,61.0,0.7069672346115112,0.32009220123291016,1650200965.8073466,1650200978.630581
1650200978.760921,45.142189025878906,61.0,0.6706827282905579,0.3168621361255646,1650200978.760921,1650200991.7199736
1650200991.8175106,41.43483352661133,61.0,1.0,0.38984057307243347,1650200991.8175106,1650201002.2435205
1650201002.4444244,42.441795349121094,61.0,1.0,0.381246417760849,1650201002.4444244,1650201012.6230698
1650201013.0674622,44.61379623413086,61.0,1.0,0.3109852075576782,1650201013.0674622,1650201026.7403631
1650201026.9108827,44.15293884277344,61.0,0.592292070388794,0.31846487522125244,1650201026.9108827,1650201039.865853
1650201040.1146808,43.739871978759766,61.0,1.0,0.3244428336620331,1650201040.1146808,1650201053.1919942
1650201053.413582,46.39796447753906,61.0,0.8384075164794922,0.34219294786453247,1650201053.413582,1650201064.6425233
1650201064.8228164,45.20924758911133,61.0,0.5648702383041382,0.31591200828552246,1650201064.8228164,1650201078.0280788
1650201078.2154183,46.70838165283203,61.0,0.8238993883132935,0.3237619400024414,1650201078.2154183,1650201090.4402049
1650201090.720015,48.65434265136719,61.0,0.4778625965118408,0.2762894928455353,1650201090.720015,1650201106.1759834
1650201106.7550628,47.65618896484375,61.0,1.0,0.35623523592948914,1650201106.7550628,1650201117.0160596
1650201117.219262,46.440696716308594,61.0,1.0,0.3037283718585968,1650201117.219262,1650201131.1725407
1650201131.3299103,44.685516357421875,61.0,1.0,0.36711156368255615,1650201131.3299103,1650201141.7359662
1650201141.9901195,47.87973403930664,61.0,1.0,0.3617872893810272,1650201141.9901195,1650201152.0778952
1650201152.3936944,47.729034423828125,61.0,1.0,0.35759925842285156,1650201152.3936944,1650201162.6599824
1650201162.8862958,46.711490631103516,61.0,1.0,0.3394221067428589,1650201162.8862958,1650201174.1469085
1650201174.3129103,46.196006774902344,61.0,1.0,0.33709993958473206,1650201174.3129103,1650201185.720823
1650201185.949285,44.06193542480469,61.0,1.0,0.32410186529159546,1650201185.949285,1650201198.635972
1650201198.788484,46.295074462890625,61.0,1.0,0.3191128373146057,1650201198.788484,1650201211.4896195
1650201211.7225142,49.09235763549805,61.0,1.0,0.3001501262187958,1650201211.7225142,1650201225.023974
1650201225.225554,44.665191650390625,61.0,0.5482314825057983,0.2835239768028259,1650201225.225554,1650201241.14399
1650201241.3325353,45.21638870239258,61.0,0.6612576246261597,0.31846487522125244,1650201241.3325353,1650201254.203975
1650201254.3440044,46.84795379638672,61.0,1.0,0.29643458127975464,1650201254.3440044,1650201268.6028986
1650201269.0010304,45.074771881103516,61.0,0.5728346705436707,0.3137279152870178,1650201269.0010304,1650201282.4453583
1650201282.6868396,44.38398742675781,61.0,1.0,0.3496417999267578,1650201282.6868396,1650201294.2450616
1650201294.6334722,49.42851257324219,61.0,1.0,0.31403714418411255,1650201294.6334722,1650201306.8936024
1650201307.1489742,46.703128814697266,61.0,1.0,0.33671751618385315,1650201307.1489742,1650201318.6257217
1650201318.7994156,46.115013122558594,61.0,0.6703786253929138,0.3337043225765228,1650201318.7994156,1650201330.4442132
1650201330.592129,46.24636459350586,61.0,1.0,0.36612600088119507,1650201330.592129,1650201340.6253502
1650201340.9709928,43.94502639770508,61.0,1.0,0.3737175464630127,1650201340.9709928,1650201351.5068834
1650201351.9523842,44.89955520629883,61.0,1.0,0.27692440152168274,1650201351.9523842,1650201368.3445294
1650201368.5114975,46.56248092651367,61.0,1.0,0.3466876149177551,1650201368.5114975,1650201379.3141868
1650201379.484408,41.656978607177734,61.0,1.0,0.3571428656578064,1650201379.484408,1650201390.911065
1650201391.1579006,45.86606216430664,61.0,1.0,0.3394221067428589,1650201391.1579006,1650201402.5170622
1650201402.7329023,44.547332763671875,61.0,1.0,0.34020692110061646,1650201402.7329023,1650201414.6303596
1650201414.7571557,44.37042236328125,61.0,0.7395577430725098,0.35049980878829956,1650201414.7571557,1650201425.8681612
1650201426.084415,45.536346435546875,61.0,1.0,0.3691067397594452,1650201426.084415,1650201436.3838794
1650201436.639839,43.881771087646484,61.0,1.0,0.36810508370399475,1650201436.639839,1650201447.4643795
1650201447.6518977,43.643104553222656,61.0,0.9287598729133606,0.363216370344162,1650201447.6518977,1650201458.4439805
1650201458.55276,44.93155288696289,61.0,0.7119565010070801,0.3009646236896515,1650201458.55276,1650201472.6185994
1650201473.310906,46.70222473144531,61.0,1.0,0.3006923794746399,1650201473.310906,1650201487.3145216
1650201487.6508474,46.25651931762695,61.0,0.7594339847564697,0.34340140223503113,1650201487.6508474,1650201498.5682278
1650201498.7478466,43.91716766357422,61.0,1.0,0.35805743932724,1650201498.7478466,1650201509.631973
1650201509.8242106,40.59939193725586,61.0,1.0,0.3359565734863281,1650201509.8242106,1650201522.9524856
1650201523.5747154,42.639320373535156,61.0,1.0,0.36961063742637634,1650201523.5747154,1650201534.2925222
1650201534.4395194,44.686527252197266,61.0,0.6426229476928711,0.2862991690635681,1650201534.4395194,1650201550.3279767
1650201550.5177386,44.60319900512695,61.0,1.0,0.3012376129627228,1650201550.5177386,1650201565.1355236
1650201565.3770185,44.519317626953125,61.0,1.0,0.35093119740486145,1650201565.3770185,1650201576.5407119
1650201576.6911426,44.97784423828125,61.0,1.0,0.35578402876853943,1650201576.6911426,1650201587.629861
1650201587.797851,47.349510192871094,61.0,1.0,0.30802056193351746,1650201587.797851,1650201600.8919673
1650201601.1062334,41.55973434448242,61.0,1.0,0.3691067397594452,1650201601.1062334,1650201611.982145
1650201612.2942636,40.82088088989258,61.0,1.0,0.381246417760849,1650201612.2942636,1650201622.4851263
1650201622.8897777,42.48627853393555,61.0,1.0,0.3594425916671753,1650201622.8897777,1650201633.6932657
1650201633.8119373,44.63880157470703,61.0,0.9732739329338074,0.3337043225765228,1650201633.8119373,1650201645.7970262
1650201646.1479034,47.2395133972168,61.0,1.0,0.3121952712535858,1650201646.1479034,1650201658.9549787
1650201659.336052,44.19139099121094,61.0,1.0,0.32009220123291016,1650201659.336052,1650201672.1439762
1650201672.2774127,45.81195068359375,61.0,1.0,0.3566882014274597,1650201672.2774127,1650201682.624058
1650201682.786012,45.94448471069336,61.0,0.7356321811676025,0.33903175592422485,1650201682.786012,1650201694.0822535
1650201694.3059425,50.70021438598633,61.0,0.4653739631175995,0.2631579041481018,1650201694.3059425,1650201710.4005492
1650201710.529307,42.982669830322266,61.0,0.6501976251602173,0.3143472969532013,1650201710.529307,1650201724.1627083
1650201724.4023497,42.40580749511719,61.0,1.0,0.3758230209350586,1650201724.4023497,1650201734.6367972
1650201734.783572,42.61859893798828,61.0,1.0,0.3840476870536804,1650201734.783572,1650201744.9199915
1650201745.0414796,42.52100372314453,61.0,1.0,0.3479444980621338,1650201745.0414796,1650201756.6357496
1650201756.8675551,44.348724365234375,61.0,1.0,0.31158846616744995,1650201756.8675551,1650201770.4192412
1650201770.7837393,46.12636184692383,61.0,1.0,0.3363364040851593,1650201770.7837393,1650201782.3172746
1650201782.5306046,40.59934616088867,61.0,1.0,0.38984057307243347,1650201782.5306046,1650201792.6292896
1650201792.7604055,44.963558197021484,61.0,1.0,0.3585173785686493,1650201792.7604055,1650201803.5913992
1650201803.8899071,42.39291763305664,61.0,1.0,0.3801429569721222,1650201803.8899071,1650201814.103877
1650201814.3278315,46.11478042602539,61.0,1.0,0.2828427255153656,1650201814.3278315,1650201829.8759913
1650201830.2130663,44.71543884277344,61.0,1.0,0.35049980878829956,1650201830.2130663,1650201841.2159777
1650201841.387238,42.873600006103516,61.0,1.0,0.3394221067428589,1650201841.387238,1650201853.6092112
1650201854.0324514,45.72428894042969,61.0,1.0,0.3608439266681671,1650201854.0324514,1650201864.2239711
1650201864.5706527,45.12552261352539,61.0,0.6385695934295654,0.2526993453502655,1650201864.5706527,1650201884.1604538
1650201884.4143806,42.59455108642578,61.0,1.0,0.363216370344162,1650201884.4143806,1650201895.2843158
1650201895.610845,45.58183670043945,61.0,1.0,0.3608439266681671,1650201895.610845,1650201906.0755398
1650201906.319983,42.947120666503906,61.0,1.0,0.36417850852012634,1650201906.319983,1650201917.123967
1650201917.4096963,44.7983512878418,61.0,1.0,0.3386427164077759,1650201917.4096963,1650201929.0842335
1650201929.2454405,43.734195709228516,61.0,0.8869779109954834,0.35049980878829956,1650201929.2454405,1650201940.6324108
1650201941.0942204,47.96601104736328,61.0,1.0,0.3325950503349304,1650201941.0942204,1650201952.581521
1650201952.9214923,44.35471725463867,61.0,1.0,0.30344855785369873,1650201952.9214923,1650201967.3055322
1650201967.5299246,46.93742370605469,61.0,0.7101449370384216,0.3009646236896515,1650201967.5299246,1650201981.314235
1650201981.4610279,45.541236877441406,61.0,0.6034858226776123,0.33004918694496155,1650201981.4610279,1650201994.0869474
1650201994.5312548,43.61262130737305,61.0,1.0,0.3535533845424652,1650201994.5312548,1650202005.8123932
1650202006.098481,44.716548919677734,61.0,1.0,0.3143472969532013,1650202006.098481,1650202019.7846897
1650202020.0042877,41.22343444824219,61.0,0.897826075553894,0.32969024777412415,1650202020.0042877,1650202033.5160203
1650202033.6996732,47.23639678955078,61.0,1.0,0.31038543581962585,1650202033.6996732,1650202046.8039753
1650202046.92147,45.853118896484375,61.0,0.7348178029060364,0.3181423842906952,1650202046.92147,1650202059.6359813
1650202059.9477468,46.5451545715332,61.0,1.0,0.32862040400505066,1650202059.9477468,1650202072.1079812
1650202072.3618927,45.0334358215332,61.0,1.0,0.3121952712535858,1650202072.3618927,1650202085.7297382
1650202085.8893437,39.97172164916992,61.0,1.0,0.39968037605285645,1650202085.8893437,1650202096.1215777
1650202096.254428,43.56489562988281,61.0,0.6063651442527771,0.28939953446388245,1650202096.254428,1650202112.0240057
1650202112.1691558,41.8197135925293,61.0,0.7529411911964417,0.34299716353416443,1650202112.1691558,1650202124.0535035
1650202124.278526,46.69416427612305,61.0,1.0,0.3307706117630005,1650202124.278526,1650202136.100132
1650202136.2303183,45.49953079223633,61.0,0.7575757503509521,0.30772873759269714,1650202136.2303183,1650202150.1205714
1650202150.330808,45.123008728027344,61.0,1.0,0.36273813247680664,1650202150.330808,1650202160.924073
1650202161.1151383,42.08811950683594,61.0,0.6167664527893066,0.31591200828552246,1650202161.1151383,1650202175.0620668
1650202175.2216914,41.860389709472656,61.0,0.6126315593719482,0.3244428336620331,1650202175.2216914,1650202188.623382
1650202189.015344,43.30775833129883,61.0,1.0,0.35179877281188965,1650202189.015344,1650202200.4451666
1650202200.6130877,44.08793258666992,61.0,0.6218678951263428,0.33748364448547363,1650202200.6130877,1650202212.8159735
1650202212.976938,41.715328216552734,61.0,1.0,0.3656361997127533,1650202212.976938,1650202224.0759754
1650202224.5352666,48.713680267333984,61.0,1.0,0.3475240170955658,1650202224.5352666,1650202235.2714708
1650202235.4749177,44.018226623535156,61.0,1.0,0.35623523592948914,1650202235.4749177,1650202246.4703631
1650202246.6252258,43.245147705078125,61.0,0.7392156720161438,0.31311213970184326,1650202246.6252258,1650202260.6383588
1650202260.9203532,43.10028076171875,61.0,1.0,0.2828427255153656,1650202260.9203532,1650202277.4399664
1650202277.7350447,43.44023895263672,61.0,1.0,0.3553345203399658,1650202277.7350447,1650202289.0839694
1650202289.7094607,43.16001892089844,61.0,1.0,0.32547226548194885,1650202289.7094607,1650202302.8697891
1650202303.1801035,43.81300735473633,61.0,0.7609649300575256,0.331133097410202,1650202303.1801035,1650202316.1671147
1650202316.4876428,44.41521453857422,61.0,0.8731707334518433,0.34921514987945557,1650202316.4876428,1650202327.7450464
1650202328.2575216,43.01355743408203,61.0,1.0,0.35578402876853943,1650202328.2575216,1650202339.2540545
1650202339.4421005,43.086761474609375,61.0,1.0,0.3585173785686493,1650202339.4421005,1650202350.9073396
1650202351.1086454,41.781333923339844,61.0,1.0,0.3806934952735901,1650202351.1086454,1650202361.256718
1650202361.7655776,46.533660888671875,61.0,1.0,0.35311228036880493,1650202361.7655776,1650202372.5319772
1650202372.846773,43.99732971191406,61.0,0.7650602459907532,0.3168621361255646,1650202372.846773,1650202386.143035
1650202386.2917883,45.08479309082031,61.0,0.5482142567634583,0.29880714416503906,1650202386.2917883,1650202400.819968
1650202400.9432507,42.78311538696289,61.0,1.0,0.31128638982772827,1650202400.9432507,1650202414.920728
1650202415.2388456,43.40654754638672,61.0,0.8089622855186462,0.34340140223503113,1650202415.2388456,1650202426.6196167
1650202426.8017907,41.875404357910156,61.0,1.0,0.34921514987945557,1650202426.8017907,1650202438.6225717
1650202438.8197863,43.123046875,61.0,1.0,0.34299716353416443,1650202438.8197863,1650202450.6232193
1650202450.7407098,45.696754455566406,61.0,0.5979591608047485,0.31943827867507935,1650202450.7407098,1650202463.9145124
1650202464.07566,42.16831970214844,61.0,1.0,0.2810497283935547,1650202464.07566,1650202481.529521
1650202481.7091498,44.44954299926758,61.0,1.0,0.3001501262187958,1650202481.7091498,1650202496.2199855
1650202496.451286,42.29785919189453,61.0,0.8179775476455688,0.3352007567882538,1650202496.451286,1650202508.8159783
1650202508.9617667,44.34833526611328,61.0,0.7027601003646851,0.32581761479377747,1650202508.9617667,1650202521.5439756
1650202522.1004026,45.027374267578125,61.0,1.0,0.35897907614707947,1650202522.1004026,1650202532.8938372
1650202533.3253465,44.131126403808594,61.0,1.0,0.37011659145355225,1650202533.3253465,1650202543.3862727
1650202543.4978473,42.21852111816406,61.0,1.0,0.35049980878829956,1650202543.4978473,1650202554.9620106
1650202555.1027796,43.22058868408203,61.0,1.0,0.28060677647590637,1650202555.1027796,1650202571.5764105
1650202571.650433,41.30234146118164,61.0,0.6359832882881165,0.3234231173992157,1650202571.650433,1650202585.4026802
1650202585.550273,43.07723617553711,61.0,1.0,0.34921514987945557,1650202585.550273,1650202597.2037601
1650202597.3087122,45.01915740966797,61.0,0.7200000286102295,0.3244428336620331,1650202597.3087122,1650202609.836712
1650202610.0694451,40.22093200683594,61.0,1.0,0.3823595643043518,1650202610.0694451,1650202620.462044
1650202620.5673053,42.783653259277344,61.0,0.7199074029922485,0.34020692110061646,1650202620.5673053,1650202632.627986
1650202632.8797467,43.90791320800781,61.0,1.0,0.36131468415260315,1650202632.8797467,1650202643.5611928
1650202643.7606766,38.733158111572266,61.0,1.0,0.34921514987945557,1650202643.7606766,1650202656.617878
1650202656.7768233,45.724693298339844,61.0,0.4981203079223633,0.3065696656703949,1650202656.7768233,1650202670.4018464
1650202670.5676155,43.73480224609375,61.0,0.9421841502189636,0.327210009098053,1650202670.5676155,1650202683.3034678
1650202683.7983935,47.362571716308594,61.0,1.0,0.2865341305732727,1650202683.7983935,1650202698.6202233
1650202699.1454942,46.35503005981445,61.0,1.0,0.33748364448547363,1650202699.1454942,1650202710.4279807
1650202710.8489592,47.323822021484375,61.0,1.0,0.32933247089385986,1650202710.8489592,1650202722.61893
1650202722.7672296,47.12052917480469,61.0,0.7583892345428467,0.33445003628730774,1650202722.7672296,1650202734.651646
1650202734.877714,45.126590728759766,61.0,0.6861313581466675,0.3487900495529175,1650202734.877714,1650202746.5559728
1650202746.725421,43.029666900634766,61.0,1.0,0.37319669127464294,1650202746.725421,1650202757.6016378
1650202758.0308824,44.57823181152344,61.0,1.0,0.32512804865837097,1650202758.0308824,1650202770.682797
1650202771.225005,45.63503646850586,61.0,1.0,0.33903175592422485,1650202771.225005,1650202782.4006283
1650202782.505769,41.00245666503906,61.0,0.8669833540916443,0.34462276101112366,1650202782.505769,1650202794.6026053
1650202794.8101714,41.85253143310547,61.0,0.8160173296928406,0.3289758563041687,1650202794.8101714,1650202807.855977
1650202808.0950906,43.501522064208984,61.0,1.0,0.36369648575782776,1650202808.0950906,1650202819.5199783
1650202819.8172276,46.26701736450195,61.0,0.6797520518302917,0.32141217589378357,1650202819.8172276,1650202832.396383
1650202832.5877442,43.64524841308594,61.0,0.6962305903434753,0.33296358585357666,1650202832.5877442,1650202845.0289607
1650202845.124727,42.50580978393555,61.0,1.0,0.3268602192401886,1650202845.124727,1650202858.5346582
1650202858.8166938,44.081398010253906,61.0,1.0,0.3686048984527588,1650202858.8166938,1650202869.4787877
1650202869.6262624,41.925262451171875,61.0,0.5159817337989807,0.33786869049072266,1650202869.6262624,1650202882.5778804
1650202882.8143954,41.818546295166016,61.0,0.9652406573295593,0.3656361997127533,1650202882.8143954,1650202893.9338639
1650202894.1010668,46.07488250732422,61.0,0.8508771657943726,0.331133097410202,1650202894.1010668,1650202906.3203056
1650202906.5288353,44.6630744934082,61.0,1.0,0.3585173785686493,1650202906.5288353,1650202917.096849
1650202917.2732482,39.56011199951172,61.0,1.0,0.4029114842414856,1650202917.2732482,1650202927.359165
1650202927.8143878,42.60668182373047,61.0,0.8865096569061279,0.327210009098053,1650202927.8143878,1650202940.8639843
1650202941.0482397,44.22307205200195,61.0,1.0,0.30178582668304443,1650202941.0482397,1650202955.40726
1650202955.5242252,44.783504486083984,61.0,0.6666666865348816,0.32174474000930786,1650202955.5242252,1650202968.6094005
1650202968.8823318,41.97886657714844,61.0,0.5241379141807556,0.33903175592422485,1650202968.8823318,1650202981.2456958
1650202981.6694722,43.92631912231445,61.0,1.0,0.35897907614707947,1650202981.6694722,1650202992.3919728
1650202992.6325016,46.046966552734375,61.0,1.0,0.33825504779815674,1650202992.6325016,1650203004.3162246
1650203004.5844326,42.53477096557617,61.0,1.0,0.3001501262187958,1650203004.5844326,1650203019.7720065
1650203031.664058,42.32927322387695,61.0,1.0,0.3585173785686493,1650203031.664058,1650203042.6257393
1650203042.7687376,42.04487609863281,61.0,1.0,0.35759925842285156,1650203042.7687376,1650203054.0899746
1650203054.1790593,43.26050567626953,61.0,0.9781420826911926,0.36961063742637634,1650203054.1790593,1650203064.812315
1650203064.9750645,44.921180725097656,61.0,0.8111587762832642,0.3275609016418457,1650203064.9750645,1650203077.5526502
1650203077.8072839,45.118980407714844,61.0,1.0,0.36612600088119507,1650203077.8072839,1650203087.9360592
1650203088.0748985,42.2543830871582,61.0,1.0,0.35049980878829956,1650203088.0748985,1650203099.907991
1650203100.3366113,42.22292709350586,61.0,1.0,0.32581761479377747,1650203100.3366113,1650203113.2679744
1650203113.4200191,41.889102935791016,61.0,1.0,0.32042068243026733,1650203113.4200191,1650203127.3377204
1650203127.6156573,43.39591979980469,61.0,0.8071428537368774,0.34503278136253357,1650203127.6156573,1650203139.160522
1650203139.2627082,41.897377014160156,61.0,0.8369829654693604,0.3487900495529175,1650203139.2627082,1650203151.3159685
1650203151.5526614,42.62323760986328,61.0,1.0,0.3818017840385437,1650203151.5526614,1650203161.687978
1650203161.9787562,41.718597412109375,61.0,0.6121212244033813,0.31782087683677673,1650203161.9787562,1650203175.9053993
1650203176.164177,43.0565071105957,61.0,1.0,0.37796446681022644,1650203176.164177,1650203186.615559
1650203186.725492,43.83354187011719,61.0,1.0,0.35179877281188965,1650203186.725492,1650203197.7444513
1650203197.9922059,44.53907012939453,61.0,1.0,0.359907865524292,1650203197.9922059,1650203208.9039743
1650203209.2952948,38.88389587402344,61.0,1.0,0.4029114842414856,1650203209.2952948,1650203219.3765895
1650203219.518714,42.18696975708008,61.0,1.0,0.3818017840385437,1650203219.518714,1650203229.640323
1650203229.7737293,43.88762283325195,61.0,1.0,0.35897907614707947,1650203229.7737293,1650203240.5284698
1650203240.814269,48.67397689819336,61.0,1.0,0.3585173785686493,1650203240.814269,1650203250.9839742
1650203251.2458172,41.13056182861328,61.0,0.7061403393745422,0.331133097410202,1650203251.2458172,1650203264.1559248
1650203264.3614848,44.42930603027344,61.0,1.0,0.3458572328090668,1650203264.3614848,1650203276.0429633
1650203276.2165437,39.05299377441406,61.0,1.0,0.3544405996799469,1650203276.2165437,1650203288.2002594
1650203288.3215706,41.172264099121094,61.0,1.0,0.3594425916671753,1650203288.3215706,1650203299.8341753
1650203300.109352,43.59495544433594,61.0,1.0,0.3617872893810272,1650203300.109352,1650203311.1886158
1650203311.513768,43.91844177246094,61.0,0.7007434964179993,0.3048553764820099,1650203311.513768,1650203325.4942274
1650203325.858295,41.6798095703125,61.0,1.0,0.37796446681022644,1650203325.858295,1650203335.9831014
1650203336.1460834,41.83329772949219,61.0,1.0,0.3840476870536804,1650203336.1460834,1650203346.3054545
1650203346.5237024,42.99921798706055,61.0,1.0,0.37424060702323914,1650203346.5237024,1650203356.895984
1650203357.0478582,41.92945098876953,61.0,1.0,0.3594425916671753,1650203357.0478582,1650203368.066366
1650203368.362667,43.17443084716797,61.0,1.0,0.37164705991744995,1650203368.362667,1650203378.785503
1650203379.0823221,42.10118103027344,61.0,1.0,0.3548867106437683,1650203379.0823221,1650203390.4359229
1650203390.9185543,43.728736877441406,61.0,1.0,0.34219294786453247,1650203390.9185543,1650203402.6042333
1650203402.7866373,42.857078552246094,61.0,1.0,0.3656361997127533,1650203402.7866373,1650203413.6599867
1650203413.903521,44.43693923950195,61.0,0.8802816867828369,0.34259435534477234,1650203413.903521,1650203425.4479704
1650203425.6186697,39.58604049682617,61.0,0.8901408314704895,0.3752933144569397,1650203425.6186697,1650203436.8600059
1650203437.0078716,47.220455169677734,61.0,1.0,0.3544405996799469,1650203437.0078716,1650203447.3847306
1650203447.5652993,45.23834228515625,61.0,1.0,0.36369648575782776,1650203447.5652993,1650203457.866296
1650203458.0787742,43.19742965698242,61.0,1.0,0.38461539149284363,1650203458.0787742,1650203468.1719675
1650203468.267315,43.06404113769531,61.0,1.0,0.3818017840385437,1650203468.267315,1650203478.6239836
1650203478.882338,43.10649108886719,61.0,0.695652186870575,0.3475240170955658,1650203478.882338,1650203490.4815187
1650203490.7209399,40.66514205932617,61.0,1.0,0.33671751618385315,1650203490.7209399,1650203503.8279886
1650203504.0703862,44.06660461425781,61.0,0.8165137767791748,0.3386427164077759,1650203504.0703862,1650203516.2564845
1650203516.4033377,42.632118225097656,61.0,0.6069767475128174,0.3409971594810486,1650203516.4033377,1650203528.4599757
1650203528.7111971,41.580406188964844,61.0,1.0,0.36369648575782776,1650203528.7111971,1650203540.0867472
1650203540.2160795,44.113529205322266,61.0,1.0,0.3594425916671753,1650203540.2160795,1650203551.301114
1650203551.4167435,42.77585983276367,61.0,1.0,0.32862040400505066,1650203551.4167435,1650203564.3679736
1650203564.5144403,40.73359298706055,61.0,1.0,0.3318616449832916,1650203564.5144403,1650203577.8940609
1650203578.0384278,41.15825271606445,61.0,0.7164179086685181,0.352672815322876,1650203578.0384278,1650203589.967992
1650203590.0698235,37.88677215576172,61.0,0.757446825504303,0.32616403698921204,1650203590.0698235,1650203604.5603695
1650203604.7091477,41.67055130004883,61.0,1.0,0.3386427164077759,1650203604.7091477,1650203617.1879845
1650203617.274179,41.700382232666016,61.0,0.7159353494644165,0.33981382846832275,1650203617.274179,1650203629.8879719
1650203630.0780137,44.15334701538086,61.0,1.0,0.36810508370399475,1650203630.0780137,1650203640.8359747
1650203641.093745,43.5277214050293,61.0,1.0,0.30949223041534424,1650203641.093745,1650203655.1078022
1650203655.2681634,45.120670318603516,61.0,1.0,0.3268602192401886,1650203655.2681634,1650203667.767978
1650203668.014505,40.21110534667969,61.0,1.0,0.3513641953468323,1650203668.014505,1650203679.852031
1650203680.131542,44.90423583984375,61.0,1.0,0.37904903292655945,1650203680.131542,1650203690.1974075
1650203690.3510056,40.873661041259766,61.0,0.4951266944408417,0.3121952712535858,1650203690.3510056,1650203705.2750413
1650203705.4096088,40.14967727661133,61.0,1.0,0.3513641953468323,1650203705.4096088,1650203717.1656187
1650203717.3791828,39.607215881347656,61.0,1.0,0.35759925842285156,1650203717.3791828,1650203728.9679806
1650203729.1354413,45.68385696411133,61.0,0.8062201142311096,0.3458572328090668,1650203729.1354413,1650203740.627466
1650203740.723034,45.870025634765625,61.0,0.5372051000595093,0.3012376129627228,1650203740.723034,1650203754.9153087
1650203755.0866401,41.5024528503418,61.0,1.0,0.35623523592948914,1650203755.0866401,1650203766.8449812
1650203767.0528224,41.828102111816406,61.0,1.0,0.35179877281188965,1650203767.0528224,1650203778.62399
1650203778.772626,40.82080078125,61.0,0.8622047305107117,0.3137279152870178,1650203778.772626,1650203793.0545607
1650203793.2003975,51.50677490234375,61.0,1.0,0.32174474000930786,1650203793.2003975,1650203805.3929682
1650203805.8032992,46.201351165771484,61.0,1.0,0.36810508370399475,1650203805.8032992,1650203815.9545176
1650203816.0803275,47.60448455810547,61.0,0.7079303860664368,0.3109852075576782,1650203816.0803275,1650203829.293368
1650203829.4305224,47.83649826049805,61.0,0.6821829676628113,0.2832963466644287,1650203829.4305224,1650203844.4399824
1650203844.6074243,48.016292572021484,61.0,0.49074074625968933,0.3042903244495392,1650203844.6074243,1650203857.7279704
1650203857.8871818,45.82304000854492,61.0,1.0,0.3057089149951935,1650203857.8871818,1650203871.8757777
1650203872.041312,45.11223220825195,61.0,1.0,0.31782087683677673,1650203872.041312,1650203885.0089703
1650203885.2095587,40.28397750854492,61.0,1.0,0.3608439266681671,1650203885.2095587,1650203896.976023
1650203897.1494665,40.69503402709961,61.0,0.6111111044883728,0.3268602192401886,1650203897.1494665,1650203910.615483
1650203910.7516782,41.4290885925293,61.0,1.0,0.3910309374332428,1650203910.7516782,1650203920.8412077
1650203920.9243155,40.13298797607422,61.0,1.0,0.3795948028564453,1650203920.9243155,1650203931.4642737
1650203931.5775964,40.8912467956543,61.0,1.0,0.3191128373146057,1650203931.5775964,1650203945.3947349
1650203945.6762958,43.854679107666016,61.0,1.0,0.3544405996799469,1650203945.6762958,1650203956.621536
1650203956.84357,41.544769287109375,61.0,1.0,0.34259435534477234,1650203956.84357,1650203969.287977
1650203969.5895932,41.94514846801758,61.0,1.0,0.3666177988052368,1650203969.5895932,1650203980.6039777
1650203980.763814,45.88796615600586,61.0,0.9693877696990967,0.31943827867507935,1650203980.763814,1650203993.512254
1650203993.6736445,43.027469635009766,61.0,0.6569506525993347,0.3348247706890106,1650203993.6736445,1650204006.2005262
1650204006.2765462,40.856990814208984,61.0,0.7336561679840088,0.3479444980621338,1650204006.2765462,1650204018.3919759
1650204018.4851599,39.128662109375,61.0,0.5089462995529175,0.31528332829475403,1650204018.4851599,1650204033.3080533
1650204033.4261491,40.7689094543457,61.0,0.3865814805030823,0.2826167047023773,1650204033.4261491,1650204051.0621378
1650204051.2101896,42.22841262817383,61.0,0.5775862336158752,0.32826608419418335,1650204051.2101896,1650204064.0688307
1650204064.1820412,42.66887283325195,61.0,0.9536784887313843,0.3691067397594452,1650204064.1820412,1650204074.9627337
1650204075.1440425,42.371673583984375,61.0,1.0,0.34340140223503113,1650204075.1440425,1650204087.2039866
1650204087.3448267,41.35236358642578,61.0,0.7789934277534485,0.3307706117630005,1650204087.3448267,1650204100.8627965
1650204101.057575,39.514122009277344,61.0,1.0,0.38461539149284363,1650204101.057575,1650204111.332383
1650204111.496934,41.64414978027344,61.0,1.0,0.3922322690486908,1650204111.496934,1650204121.5583715
1650204121.940975,41.879878997802734,61.0,1.0,0.30919620394706726,1650204121.940975,1650204136.1243975
1650204136.380044,44.44369888305664,61.0,1.0,0.3322277367115021,1650204136.380044,1650204148.372745
1650204148.597924,40.47696304321289,61.0,1.0,0.2977456748485565,1650204148.597924,1650204164.3599768
1650204164.7885377,46.66482925415039,61.0,1.0,0.29135826230049133,1650204164.7885377,1650204179.531975
1650204179.6834376,44.521751403808594,61.0,0.5067437291145325,0.31038543581962585,1650204179.6834376,1650204193.72152
1650204194.070112,40.421024322509766,61.0,1.0,0.3737175464630127,1650204194.070112,1650204205.103974
1650204205.306747,42.18383026123047,61.0,0.630630612373352,0.3355780243873596,1650204205.306747,1650204217.7759798
1650204217.9562821,43.86732864379883,61.0,1.0,0.3752933144569397,1650204217.9562821,1650204227.9865258
1650204228.2969558,45.29334259033203,61.0,0.6895833611488342,0.322748601436615,1650204228.2969558,1650204240.991978
1650204241.1164958,41.9525260925293,61.0,0.6418300867080688,0.2556549906730652,1650204241.1164958,1650204261.091456
1650204261.476729,39.841304779052734,61.0,1.0,0.3413943648338318,1650204261.476729,1650204274.0265188
1650204274.3086016,40.460689544677734,61.0,1.0,0.29086485505104065,1650204274.3086016,1650204291.0656073
1650204291.475667,42.28955841064453,61.0,1.0,0.3857583701610565,1650204291.475667,1650204301.6436615
1650204302.0112214,41.233211517333984,61.0,0.5685884952545166,0.31528332829475403,1650204302.0112214,1650204316.4413369
1650204316.934137,41.128597259521484,61.0,1.0,0.3083132207393646,1650204316.934137,1650204331.765667
1650204332.2145245,38.909385681152344,61.0,0.7686375379562378,0.3585173785686493,1650204332.2145245,1650204344.6279821
1650204344.9875495,42.82750701904297,61.0,1.0,0.36961063742637634,1650204344.9875495,1650204355.4247673
1650204355.6118813,39.33883285522461,61.0,1.0,0.37216147780418396,1650204355.6118813,1650204367.0763805
1650204367.5829985,40.19856262207031,61.0,1.0,0.33825504779815674,1650204367.5829985,1650204380.369525
1650204380.5220888,37.66645050048828,61.0,0.7850467562675476,0.3417929708957672,1650204380.5220888,1650204394.0088923
1650204394.1721852,41.24071502685547,61.0,0.600389838218689,0.3121952712535858,1650204394.1721852,1650204409.0603845
1650204409.27028,40.57661437988281,61.0,1.0,0.3207501471042633,1650204409.27028,1650204423.0959775
1650204423.2812002,39.246986389160156,61.0,1.0,0.376889169216156,1650204423.2812002,1650204434.2119756
1650204434.5119987,43.38724136352539,61.0,0.6673553586006165,0.32141217589378357,1650204434.5119987,1650204447.395971
1650204447.670969,38.752540588378906,61.0,1.0,0.3851855993270874,1650204447.670969,1650204458.6379917
1650204458.9140484,39.40175247192383,61.0,0.4819079041481018,0.28676965832710266,1650204458.9140484,1650204476.6289973
1650204476.948108,39.365753173828125,61.0,1.0,0.29411765933036804,1650204476.948108,1650204493.9679778
1650204494.301051,39.405521392822266,61.0,1.0,0.37424060702323914,1650204494.301051,1650204505.263981
1650204505.4407113,45.48851776123047,61.0,1.0,0.3322277367115021,1650204505.4407113,1650204517.3338227
1650204517.6942184,42.34123229980469,61.0,1.0,0.37216147780418396,1650204517.6942184,1650204528.2040684
1650204528.332147,41.97710037231445,61.0,1.0,0.3747658431529999,1650204528.332147,1650204538.88552
1650204539.001426,42.2119255065918,61.0,1.0,0.381246417760849,1650204539.001426,1650204549.282881
1650204549.7519963,41.07585906982422,61.0,1.0,0.34340140223503113,1650204549.7519963,1650204561.7785246
1650204562.0987394,40.491268157958984,61.0,1.0,0.3840476870536804,1650204562.0987394,1650204572.6195266
1650204572.7838266,42.8565673828125,61.0,1.0,0.3737175464630127,1650204572.7838266,1650204583.3539689
1650204583.8376167,40.592708587646484,61.0,1.0,0.3952847123146057,1650204583.8376167,1650204593.962588
1650204594.135692,38.95488357543945,61.0,1.0,0.2977456748485565,1650204594.135692,1650204610.385259
1650204610.6455734,38.713165283203125,61.0,1.0,0.3553345203399658,1650204610.6455734,1650204622.8119774
1650204623.0568404,40.06307601928711,61.0,1.0,0.3823595643043518,1650204623.0568404,1650204633.739994
1650204634.1515493,41.225502014160156,61.0,1.0,0.3795948028564453,1650204634.1515493,1650204644.6305
1650204644.7292511,41.950618743896484,61.0,1.0,0.37164705991744995,1650204644.7292511,1650204655.4799867
1650204655.6628382,40.551910400390625,61.0,1.0,0.38984057307243347,1650204655.6628382,1650204665.8719752
1650204666.0155866,42.01150131225586,61.0,1.0,0.3806934952735901,1650204666.0155866,1650204676.131864
1650204676.2674816,40.437435150146484,61.0,0.7849740982055664,0.359907865524292,1650204676.2674816,1650204687.4452426
1650204687.627024,47.31023025512695,61.0,1.0,0.3553345203399658,1650204687.627024,1650204698.1110146
1650204698.6796663,41.074031829833984,61.0,1.0,0.3594425916671753,1650204698.6796663,1650204710.3415358
1650204710.5879674,44.711029052734375,61.0,0.9920844435691833,0.363216370344162,1650204710.5879674,1650204721.390671
1650204721.7953358,38.80726623535156,61.0,0.5755395889282227,0.34627169370651245,1650204721.7953358,1650204734.6279843
1650204734.9847236,44.08435821533203,61.0,1.0,0.3458572328090668,1650204734.9847236,1650204746.4854019
1650204746.8559303,41.45667266845703,61.0,1.0,0.36760732531547546,1650204746.8559303,1650204757.8071227
1650204758.152113,42.82617950439453,61.0,1.0,0.3622617721557617,1650204758.152113,1650204769.080008
1650204769.5060778,40.5831298828125,61.0,1.0,0.3874921202659607,1650204769.5060778,1650204779.7566423
1650204779.906319,41.1461067199707,61.0,0.9445983171463013,0.37216147780418396,1650204779.906319,1650204790.6971338
1650204791.080706,43.35284423828125,61.0,1.0,0.32547226548194885,1650204791.080706,1650204803.6519685
1650204803.8224614,40.301414489746094,61.0,1.0,0.3083132207393646,1650204803.8224614,1650204819.2561634
1650204819.613762,38.70491409301758,61.0,0.8641618490219116,0.3801429569721222,1650204819.613762,1650204830.620116
1650204830.7522914,41.66570281982422,61.0,1.0,0.32410186529159546,1650204830.7522914,1650204844.6246128
1650204845.0610378,41.11792755126953,61.0,1.0,0.31311213970184326,1650204845.0610378,1650204859.5559313
1650204859.6485982,39.61620330810547,61.0,0.5188118815422058,0.31465837359428406,1650204859.6485982,1650204874.5919785
1650204874.9189923,44.144432067871094,61.0,1.0,0.3275609016418457,1650204874.9189923,1650204888.0350294
1650204888.2906773,42.18425750732422,61.0,0.6998158097267151,0.30344855785369873,1650204888.2906773,1650204903.3199804
1650204903.4620585,39.01561737060547,61.0,1.0,0.39163023233413696,1650204903.4620585,1650204913.7399943
1650204913.8911746,38.401065826416016,61.0,0.6721698045730591,0.34340140223503113,1650204913.8911746,1650204927.119974
1650204927.3458722,40.99494934082031,61.0,1.0,0.36131468415260315,1650204927.3458722,1650204938.7375193
1650204951.533597,38.61105728149414,61.0,0.5796178579330444,0.32581761479377747,1650204951.533597,1650204966.0113144
1650204966.4141514,39.962955474853516,61.0,1.0,0.3840476870536804,1650204966.4141514,1650204977.0239778
1650204977.4497898,41.806915283203125,61.0,1.0,0.3874921202659607,1650204977.4497898,1650204987.495975
1650204987.7310832,40.06324768066406,61.0,0.5669456124305725,0.3234231173992157,1650204987.7310832,1650205001.8088238
1650205001.9278321,41.507328033447266,61.0,0.45955249667167664,0.29335731267929077,1650205001.9278321,1650205017.9490988
1650205018.094246,43.572872161865234,61.0,1.0,0.35093119740486145,1650205018.094246,1650205029.2479744
1650205029.4611049,42.847774505615234,61.0,1.0,0.3244428336620331,1650205029.4611049,1650205042.6239817
1650205043.099164,40.32887268066406,61.0,1.0,0.3171807527542114,1650205043.099164,1650205057.2577553
1650205057.376048,40.47233200073242,61.0,0.7666666507720947,0.35805743932724,1650205057.376048,1650205069.0383368
1650205069.3315222,39.6218376159668,61.0,1.0,0.31403714418411255,1650205069.3315222,1650205083.9194376
1650205084.1593127,42.016380310058594,61.0,1.0,0.3466876149177551,1650205084.1593127,1650205095.5596287
1650205095.6413527,35.38707733154297,61.0,0.9189189076423645,0.3874921202659607,1650205095.6413527,1650205106.9449146
1650205119.236324,41.14305114746094,60.0,0.6191588640213013,0.3417929708957672,1650205119.236324,1650205131.6564045
1650205131.8232584,42.323543548583984,60.0,1.0,0.34219294786453247,1650205131.8232584,1650205144.0623088
1650205144.2506096,39.16244125366211,60.0,1.0,0.33709993958473206,1650205144.2506096,1650205157.783985
1650205157.9527307,37.1505126953125,60.0,1.0,0.39840954542160034,1650205157.9527307,1650205168.3159792
1650205168.4476058,41.08662796020508,60.0,1.0,0.29643458127975464,1650205168.4476058,1650205184.4382105
1650205184.6982195,38.905845642089844,60.0,1.0,0.32969024777412415,1650205184.6982195,1650205198.5778823
1650205198.955989,37.08033752441406,60.0,0.537864089012146,0.31158846616744995,1650205198.955989,1650205214.6786077
1650205214.9494166,40.05857467651367,60.0,0.8834196925163269,0.359907865524292,1650205214.9494166,1650205226.632309
1650205226.9173899,42.274600982666016,60.0,0.7642276287078857,0.36810508370399475,1650205226.9173899,1650205238.0588317
1650205238.4393744,42.047088623046875,60.0,0.8181818127632141,0.35049980878829956,1650205238.4393744,1650205250.37837
1650205250.5549507,35.80162811279297,60.0,1.0,0.3409971594810486,1650205250.5549507,1650205264.8559768
1650205280.1753347,42.528289794921875,61.0,0.9977375268936157,0.3363364040851593,1650205280.1753347,1650205292.6611412
1650205292.9733453,42.68511962890625,61.0,1.0,0.35179877281188965,1650205292.9733453,1650205304.6167474
1650205304.9289868,39.5812873840332,61.0,1.0,0.3406013548374176,1650205304.9289868,1650205318.0159788
1650205318.3579369,41.780513763427734,61.0,1.0,0.36417850852012634,1650205318.3579369,1650205329.3199854
1650205329.477397,43.07496643066406,61.0,0.9505208134651184,0.3608439266681671,1650205329.477397,1650205340.6439753
1650205340.7720265,42.9931755065918,61.0,1.0,0.381246417760849,1650205340.7720265,1650205350.8666523
1650205351.1629553,38.48556900024414,61.0,1.0,0.3818017840385437,1650205351.1629553,1650205362.3359747
1650205362.5533798,40.10459899902344,61.0,1.0,0.3880752623081207,1650205362.5533798,1650205372.651972
1650205372.9400475,36.90911865234375,61.0,1.0,0.4022589921951294,1650205372.9400475,1650205383.4252613
1650205383.5708401,37.98140335083008,61.0,1.0,0.3886610269546509,1650205383.5708401,1650205394.1023095
1650205394.3415709,36.88618850708008,61.0,1.0,0.4016096591949463,1650205394.3415709,1650205404.6435294
1650205404.8454854,38.98119354248047,61.0,1.0,0.381246417760849,1650205404.8454854,1650205415.6455657
1650205415.8693933,39.124359130859375,61.0,1.0,0.376889169216156,1650205415.8693933,1650205426.911108
1650205427.1561892,41.18440246582031,61.0,1.0,0.36369648575782776,1650205427.1561892,1650205438.5925577
1650205438.7141483,38.559791564941406,61.0,0.5655913949012756,0.32791292667388916,1650205438.7141483,1650205452.718373
1650205452.9600382,36.55015563964844,61.0,1.0,0.39968037605285645,1650205452.9600382,1650205463.821825
1650205463.970974,36.912845611572266,61.0,1.0,0.4029114842414856,1650205463.970974,1650205474.1300387
1650205474.250848,41.980953216552734,61.0,1.0,0.3801429569721222,1650205474.250848,1650205484.7079716
1650205484.8920202,38.692630767822266,61.0,1.0,0.32933247089385986,1650205484.8920202,1650205498.8481667
1650205499.0513196,36.76388168334961,61.0,1.0,0.34299716353416443,1650205499.0513196,1650205512.624424
1650205512.7539408,37.83372497558594,61.0,1.0,0.3355780243873596,1650205512.7539408,1650205526.762606
1650205527.0091321,40.87308120727539,61.0,0.8032345175743103,0.36711156368255615,1650205527.0091321,1650205538.532609
1650205538.7875354,38.07474136352539,61.0,0.7754569053649902,0.36131468415260315,1650205538.7875354,1650205550.9215636
1650205551.0385764,41.93134689331055,61.0,1.0,0.3646624684333801,1650205551.0385764,1650205562.1519806
1650205562.4432597,36.42143249511719,61.0,1.0,0.3952847123146057,1650205562.4432597,1650205573.315979
1650205573.4917536,39.695255279541016,61.0,0.9323943853378296,0.3752933144569397,1650205573.4917536,1650205584.475434
1650205584.6483874,37.02031707763672,61.0,1.0,0.3622617721557617,1650205584.6483874,1650205597.019973
1650205597.1816456,40.92368698120117,61.0,1.0,0.3409971594810486,1650205597.1816456,1650205609.8149161
1650205610.074165,39.39910125732422,61.0,1.0,0.36131468415260315,1650205610.074165,1650205621.4703646
1650205621.6876574,39.6521110534668,61.0,0.9882698059082031,0.3829197883605957,1650205621.6876574,1650205632.5319726
1650205632.6692204,39.76217269897461,61.0,1.0,0.37164705991744995,1650205632.6692204,1650205643.7853131
1650205643.949334,40.56745910644531,61.0,1.0,0.3823595643043518,1650205643.949334,1650205654.5489628
1650205654.77505,41.140472412109375,61.0,1.0,0.3795948028564453,1650205654.77505,1650205664.9839747
1650205665.1266565,34.71500015258789,61.0,1.0,0.4319342076778412,1650205665.1266565,1650205675.1511416
1650205675.273305,33.911468505859375,61.0,1.0,0.4075695872306824,1650205675.273305,1650205686.6263957
1650205686.8804946,40.54558181762695,61.0,1.0,0.3083132207393646,1650205686.8804946,1650205701.925291
1650205702.07682,36.660850524902344,61.0,1.0,0.39840954542160034,1650205702.07682,1650205712.6330395
1650205712.8300374,40.361671447753906,61.0,1.0,0.3851855993270874,1650205712.8300374,1650205723.3598294
1650205723.5912735,44.930763244628906,61.0,1.0,0.3686048984527588,1650205723.5912735,1650205733.94053
1650205734.0799696,39.50472640991211,61.0,0.7620087265968323,0.33040928840637207,1650205734.0799696,1650205748.2554884
1650205748.3706374,37.22844696044922,61.0,0.6141176223754883,0.34299716353416443,1650205748.3706374,1650205762.0161166
1650205762.107657,38.78852462768555,61.0,0.7434554696083069,0.3617872893810272,1650205762.107657,1650205774.069958
1650205774.2745383,40.41252899169922,61.0,1.0,0.33709993958473206,1650205774.2745383,1650205787.11709
1650205787.2048922,42.03362274169922,61.0,1.0,0.3244428336620331,1650205787.2048922,1650205800.4799793
1650205800.6541948,39.168800354003906,61.0,1.0,0.3851855993270874,1650205800.6541948,1650205811.2493625
1650205811.3760762,40.14750671386719,61.0,1.0,0.3553345203399658,1650205811.3760762,1650205822.933456
1650205823.079927,35.192848205566406,61.0,1.0,0.39163023233413696,1650205823.079927,1650205834.6447768
1650205835.030236,38.62674331665039,61.0,1.0,0.36961063742637634,1650205835.030236,1650205846.7319727
1650205847.0727077,38.4671745300293,61.0,1.0,0.3752933144569397,1650205847.0727077,1650205858.1730807
1650205858.4804628,38.25748062133789,61.0,1.0,0.35759925842285156,1650205858.4804628,1650205870.5042546
1650205870.6183245,38.30158996582031,61.0,0.9659863710403442,0.33671751618385315,1650205870.6183245,1650205884.0903502
1650205884.2542236,40.63990020751953,61.0,0.5181451439857483,0.3175003230571747,1650205884.2542236,1650205898.74737
1650205898.9735777,40.39706039428711,61.0,1.0,0.3656361997127533,1650205898.9735777,1650205910.2615283
1650205910.364622,39.98065948486328,61.0,1.0,0.36810508370399475,1650205910.364622,1650205921.57004
1650205921.9090474,40.9404411315918,61.0,1.0,0.3234231173992157,1650205921.9090474,1650205935.880563
1650205936.1060205,38.882232666015625,61.0,1.0,0.3553345203399658,1650205936.1060205,1650205948.1938033
1650205948.3481443,37.503273010253906,61.0,1.0,0.32581761479377747,1650205948.3481443,1650205962.533573
1650205962.6660194,39.43894577026367,61.0,1.0,0.3990434408187866,1650205962.6660194,1650205972.7829225
1650205972.996042,42.333229064941406,61.0,0.788418710231781,0.3337043225765228,1650205972.996042,1650205985.7519784
1650205985.9427645,37.936988830566406,61.0,1.0,0.3585173785686493,1650205985.9427645,1650205998.0681336
1650205998.2167923,38.778446197509766,61.0,1.0,0.38691163063049316,1650205998.2167923,1650206008.9959767
1650206009.225885,40.30150604248047,61.0,1.0,0.3806934952735901,1650206009.225885,1650206019.5480797
1650206019.6510909,39.20378875732422,61.0,1.0,0.3409971594810486,1650206019.6510909,1650206032.4559755
1650206032.620256,37.3292350769043,61.0,0.8559077978134155,0.3795948028564453,1650206032.620256,1650206043.683971
1650206043.780865,40.641483306884766,61.0,1.0,0.3823595643043518,1650206043.780865,1650206054.336582
1650206054.4872599,39.303321838378906,61.0,0.5069124698638916,0.3394221067428589,1650206054.4872599,1650206067.4123762
1650206067.726874,38.60137176513672,61.0,1.0,0.3806934952735901,1650206067.726874,1650206078.6591277
1650206078.8824286,38.88943862915039,61.0,0.9632545709609985,0.3622617721557617,1650206078.8824286,1650206090.9679716
1650206091.149537,39.07050704956055,61.0,1.0,0.39163023233413696,1650206091.149537,1650206102.078497
1650206102.2236075,35.59464645385742,61.0,0.9732937812805176,0.3851855993270874,1650206102.2236075,1650206114.023135
1650206114.1611874,34.4343147277832,61.0,1.0,0.4003203809261322,1650206114.1611874,1650206125.3999765
1650206125.7093406,38.055206298828125,61.0,1.0,0.32410186529159546,1650206125.7093406,1650206140.398527
1650206140.534806,40.1643180847168,61.0,1.0,0.32042068243026733,1650206140.534806,1650206154.6767123
1650206154.950118,35.48530578613281,61.0,0.9615384340286255,0.3706246614456177,1650206154.950118,1650206167.09599
1650206167.3246765,40.14418029785156,61.0,0.8037382960319519,0.3417929708957672,1650206167.3246765,1650206180.0039742
1650206180.1637757,37.6059455871582,61.0,1.0,0.3959037959575653,1650206180.1637757,1650206190.5078843
1650206190.7796695,37.86060333251953,61.0,1.0,0.3322277367115021,1650206190.7796695,1650206204.7783895
1650206204.9709637,39.20868682861328,61.0,1.0,0.4009634554386139,1650206204.9709637,1650206215.1217759
1650206215.2985833,37.00931167602539,61.0,1.0,0.3566882014274597,1650206215.2985833,1650206227.835969
1650206228.046955,39.1363410949707,61.0,1.0,0.3801429569721222,1650206228.046955,1650206238.9319787
1650206239.185296,37.66085433959961,61.0,1.0,0.3922322690486908,1650206239.185296,1650206250.0453794
1650206250.282963,39.67854309082031,61.0,1.0,0.4016096591949463,1650206250.282963,1650206260.3639781
1650206260.498817,34.71350860595703,61.0,0.796437680721283,0.3566882014274597,1650206260.498817,1650206273.9806006
1650206274.1090178,36.454139709472656,61.0,0.7408376932144165,0.3617872893810272,1650206274.1090178,1650206287.084225
1650206287.306607,36.26618194580078,61.0,1.0,0.4003203809261322,1650206287.306607,1650206298.3361657
1650206298.5688956,38.84801483154297,61.0,0.8752997517585754,0.34627169370651245,1650206298.5688956,1650206311.6454968
1650206311.9343696,37.251102447509766,61.0,1.0,0.35179877281188965,1650206311.9343696,1650206324.63198
1650206324.7768762,39.95563507080078,61.0,0.8422535061836243,0.3752933144569397,1650206324.7768762,1650206335.7640626
1650206335.8492897,35.73322296142578,61.0,1.0,0.4009634554386139,1650206335.8492897,1650206346.511636
1650206346.6246316,38.223873138427734,61.0,0.7734940052032471,0.3471050560474396,1650206346.6246316,1650206359.36536
1650206359.613918,36.30167770385742,61.0,0.6804123520851135,0.35897907614707947,1650206359.613918,1650206371.927398
1650206372.1769006,39.592803955078125,61.0,1.0,0.352672815322876,1650206372.1769006,1650206384.35083
1650206384.7139955,38.66695022583008,61.0,1.0,0.3922322690486908,1650206384.7139955,1650206395.084609
1650206395.175298,36.48672866821289,61.0,1.0,0.41380295157432556,1650206395.175298,1650206405.315971
1650206405.4999104,35.5411491394043,61.0,0.851311981678009,0.3818017840385437,1650206405.4999104,1650206417.0639713
1650206417.1969223,38.42854690551758,61.0,1.0,0.376889169216156,1650206417.1969223,1650206428.2043638
1650206428.3456094,36.57447814941406,61.0,1.0,0.4048881530761719,1650206428.3456094,1650206438.5439777
1650206438.7218218,36.7878303527832,61.0,1.0,0.3394221067428589,1650206438.7218218,1650206452.1229923
1650206452.1880598,35.950469970703125,61.0,1.0,0.37904903292655945,1650206452.1880598,1650206464.0098798
1650206464.3137865,38.93912887573242,61.0,1.0,0.36417850852012634,1650206464.3137865,1650206475.895967
1650206476.1104467,39.20167541503906,61.0,1.0,0.3785055875778198,1650206476.1104467,1650206487.0283473
1650206487.2061594,39.886192321777344,61.0,1.0,0.37635496258735657,1650206487.2061594,1650206498.3879733
1650206498.6517532,40.83619689941406,61.0,1.0,0.3513641953468323,1650206498.6517532,1650206510.5039835
1650206510.5840366,38.90654373168945,61.0,1.0,0.39968037605285645,1650206510.5840366,1650206520.787976
1650206520.9019783,39.77913284301758,61.0,1.0,0.3928371071815491,1650206520.9019783,1650206531.0831952
1650206531.2712545,40.747718811035156,61.0,1.0,0.36612600088119507,1650206531.2712545,1650206542.4375236
1650206554.7915766,39.829261779785156,60.0,0.7136258482933044,0.33981382846832275,1650206554.7915766,1650206567.6464477
1650206567.8111184,36.74404525756836,60.0,0.8886010646820068,0.359907865524292,1650206567.8111184,1650206580.4662306
1650206580.6410286,34.4970703125,60.0,0.7134503126144409,0.3823595643043518,1650206580.6410286,1650206592.8159757
1650206592.9435477,39.57439422607422,60.0,1.0,0.36273813247680664,1650206592.9435477,1650206604.7946455
1650206604.9607427,39.028648376464844,60.0,0.8807786107063293,0.3487900495529175,1650206604.9607427,1650206617.4387567
1650206617.6262603,37.61628341674805,60.0,1.0,0.381246417760849,1650206617.6262603,1650206628.6321328
1650206628.7152543,38.225162506103516,60.0,1.0,0.3857583701610565,1650206628.7152543,1650206639.571977
1650206639.6735823,38.61349105834961,60.0,0.7310513257980347,0.3496417999267578,1650206639.6735823,1650206652.285755
1650206652.5757022,40.9193229675293,60.0,1.0,0.3566882014274597,1650206652.5757022,1650206664.232787
1650206664.5435774,38.00999069213867,60.0,1.0,0.40961596369743347,1650206664.5435774,1650206674.8040378
1650206674.9257963,39.275333404541016,60.0,1.0,0.36273813247680664,1650206674.9257963,1650206686.6889043
1650206686.8799717,40.507598876953125,60.0,1.0,0.37635496258735657,1650206686.8799717,1650206697.7421312
1650206697.9696126,38.6876335144043,60.0,1.0,0.40422603487968445,1650206697.9696126,1650206708.153746
1650206722.8263865,37.91463851928711,61.0,0.9250720739364624,0.3795948028564453,1650206722.8263865,1650206733.6929014
1650206733.9559743,40.87617874145508,61.0,1.0,0.3686048984527588,1650206733.9559743,1650206744.866975
1650206745.151691,38.754390716552734,61.0,1.0,0.35223498940467834,1650206745.151691,1650206757.7180088
1650206757.8037772,39.48760223388672,61.0,1.0,0.40422603487968445,1650206757.8037772,1650206768.2374313
1650206768.6039875,39.14902877807617,61.0,0.9977777600288391,0.3333333432674408,1650206768.6039875,1650206782.4996061
1650206782.6599114,34.938209533691406,61.0,1.0,0.3801429569721222,1650206782.6599114,1650206794.6238906
1650206794.7250917,36.10634994506836,61.0,1.0,0.41522741317749023,1650206794.7250917,1650206805.3880363
1650206805.7978737,37.595558166503906,61.0,1.0,0.36961063742637634,1650206805.7978737,1650206817.5279834
1650206817.6728532,38.73517608642578,61.0,0.688095211982727,0.34503278136253357,1650206817.6728532,1650206830.6842828
1650206831.013893,38.13832473754883,61.0,1.0,0.33748364448547363,1650206831.013893,1650206844.6222517
1650206844.9052095,38.82620620727539,61.0,1.0,0.35093119740486145,1650206844.9052095,1650206857.4997952
1650206857.6789258,36.15378952026367,61.0,1.0,0.3959037959575653,1650206857.6789258,1650206868.383198
1650206868.5310516,36.43739318847656,61.0,0.6008146405220032,0.3191128373146057,1650206868.5310516,1650206884.0919888
1650206884.327943,35.87234878540039,61.0,1.0,0.33981382846832275,1650206884.327943,1650206898.0711186
1650206898.201562,38.29941177368164,61.0,1.0,0.3990434408187866,1650206898.201562,1650206908.358376
1650206908.5271423,36.939056396484375,61.0,1.0,0.39968037605285645,1650206908.5271423,1650206919.1933599
1650206919.3970656,36.09998321533203,61.0,0.8851963877677917,0.3886610269546509,1650206919.3970656,1650206930.4497018
1650206930.818049,34.680973052978516,61.0,1.0,0.38461539149284363,1650206930.818049,1650206942.6689281
1650206942.895056,35.94255828857422,61.0,0.7429906725883484,0.3417929708957672,1650206942.895056,1650206956.9730742
1650206957.1472056,39.278751373291016,61.0,1.0,0.3823595643043518,1650206957.1472056,1650206968.1455188
1650206968.358088,37.946529388427734,61.0,1.0,0.37319669127464294,1650206968.358088,1650206979.9006457
1650206980.0178845,38.6716194152832,61.0,1.0,0.3892494738101959,1650206980.0178845,1650206990.6199746
1650206991.0138166,37.901363372802734,61.0,1.0,0.3806934952735901,1650206991.0138166,1650207002.1479812
1650207002.5437028,38.57304382324219,61.0,1.0,0.3806934952735901,1650207002.5437028,1650207013.4062107
1650207013.6446285,38.97416305541992,61.0,1.0,0.31559720635414124,1650207013.6446285,1650207028.5006242
1650207028.6956716,38.07528305053711,61.0,1.0,0.31403714418411255,1650207028.6956716,1650207044.0599694
1650207044.2201922,38.51145553588867,61.0,1.0,0.39777863025665283,1650207044.2201922,1650207054.6326785
1650207055.0347407,39.71555709838867,61.0,1.0,0.4068942368030548,1650207055.0347407,1650207065.0811815
1650207065.485166,36.70039749145508,61.0,1.0,0.39405521750450134,1650207065.485166,1650207076.3297348
1650207076.4417632,31.935291290283203,61.0,0.9640287756919861,0.42409446835517883,1650207076.4417632,1650207087.495365
1650207087.7134986,38.29483413696289,61.0,0.7607526779174805,0.3666177988052368,1650207087.7134986,1650207099.2816386
1650207099.4447045,37.88359832763672,61.0,1.0,0.3608439266681671,1650207099.4447045,1650207111.507973
1650207111.6476412,38.83555221557617,61.0,1.0,0.29880714416503906,1650207111.6476412,1650207128.0501373
1650207128.1924958,36.79775619506836,61.0,1.0,0.4029114842414856,1650207128.1924958,1650207138.6007392
1650207138.92958,39.4071159362793,61.0,1.0,0.35578402876853943,1650207138.92958,1650207150.6279745
1650207150.795034,35.70697784423828,61.0,1.0,0.41451334953308105,1650207150.795034,1650207161.157154
1650207161.3179162,39.091060638427734,61.0,1.0,0.3752933144569397,1650207161.3179162,1650207172.4713614
1650207172.8314502,38.152259826660156,61.0,1.0,0.3352007567882538,1650207172.8314502,1650207186.4872603
1650207186.6207929,37.334144592285156,61.0,0.5616942644119263,0.30344855785369873,1650207186.6207929,1650207203.0400782
1650207203.1744168,35.447547912597656,61.0,1.0,0.3922322690486908,1650207203.1744168,1650207214.233009
1650207214.5547044,38.714202880859375,61.0,1.0,0.39405521750450134,1650207214.5547044,1650207225.015982
1650207225.1260223,41.13395309448242,61.0,1.0,0.34836649894714355,1650207225.1260223,1650207237.111255
1650207237.3866427,37.720523834228516,61.0,1.0,0.37164705991744995,1650207237.3866427,1650207249.2104445
1650207249.91582,36.304073333740234,61.0,1.0,0.3990434408187866,1650207249.91582,1650207260.4656007
1650207260.6210387,33.81180191040039,61.0,1.0,0.41812101006507874,1650207260.6210387,1650207270.9428787
1650207271.2133954,37.05729675292969,61.0,1.0,0.3928371071815491,1650207271.2133954,1650207281.8725646
1650207282.112403,37.45708465576172,61.0,1.0,0.33825504779815674,1650207282.112403,1650207295.7279851
1650207295.8585196,34.31612014770508,61.0,1.0,0.4029114842414856,1650207295.8585196,1650207306.6406243
1650207306.801417,38.51007843017578,61.0,1.0,0.36037498712539673,1650207306.801417,1650207319.0319815
1650207319.132948,36.60972595214844,61.0,1.0,0.42033135890960693,1650207319.132948,1650207329.2122364
1650207329.393661,35.35867691040039,61.0,1.0,0.4029114842414856,1650207329.393661,1650207340.5083308
1650207340.6955109,39.682594299316406,61.0,1.0,0.3928371071815491,1650207340.6955109,1650207350.8006968
1650207351.1739168,35.052921295166016,61.0,1.0,0.3857583701610565,1650207351.1739168,1650207362.5852337
1650207363.002092,37.69704818725586,61.0,1.0,0.37424060702323914,1650207363.002092,1650207374.5679846
1650207375.0691211,36.58542251586914,61.0,1.0,0.36711156368255615,1650207375.0691211,1650207387.1231024
1650207387.2444704,37.75129699707031,61.0,1.0,0.3785055875778198,1650207387.2444704,1650207398.5023618
1650207398.7914598,44.686737060546875,61.0,1.0,0.36369648575782776,1650207398.7914598,1650207409.5105236
1650207409.6764572,43.575626373291016,61.0,1.0,0.35578402876853943,1650207409.6764572,1650207420.7835834
1650207420.879503,40.91939163208008,61.0,1.0,0.3737175464630127,1650207420.879503,1650207431.387968
1650207431.5637357,42.35366439819336,61.0,1.0,0.36273813247680664,1650207431.5637357,1650207442.589936
1650207442.7802584,42.60886001586914,61.0,0.44084277749061584,0.28467047214508057,1650207442.7802584,1650207459.1383588
1650207459.4752011,41.5892219543457,61.0,0.7301587462425232,0.36369648575782776,1650207459.4752011,1650207470.6559823
1650207470.7495801,38.21232604980469,61.0,0.6437054872512817,0.34462276101112366,1650207470.7495801,1650207483.729685
1650207483.8391767,40.00834274291992,61.0,1.0,0.3990434408187866,1650207483.8391767,1650207494.1120336
1650207494.2858572,38.99946212768555,61.0,1.0,0.35223498940467834,1650207494.2858572,1650207507.0039814
1650207507.3947773,38.64482498168945,61.0,0.3126843571662903,0.27156272530555725,1650207507.3947773,1650207527.0869355
1650207527.3440118,39.21443176269531,61.0,1.0,0.32141217589378357,1650207527.3440118,1650207541.7519734
1650207541.873927,37.76786804199219,61.0,1.0,0.4003203809261322,1650207541.873927,1650207552.4119852
1650207552.5921037,37.04851150512695,61.0,0.7909319996833801,0.3548867106437683,1650207552.5921037,1650207565.2241898
1650207565.3945606,36.430721282958984,61.0,0.8491619825363159,0.3737175464630127,1650207565.3945606,1650207576.978191
1650207577.1789377,38.68258285522461,61.0,1.0,0.381246417760849,1650207577.1789377,1650207588.2692
1650207588.5522928,39.23828125,61.0,1.0,0.35578402876853943,1650207588.5522928,1650207600.4029646
1650207600.6421115,34.27199935913086,61.0,0.75698322057724,0.3737175464630127,1650207600.6421115,1650207613.4805808
1650207613.6032946,36.32006072998047,61.0,1.0,0.4029114842414856,1650207613.6032946,1650207624.093365
1650207624.3468735,38.9001350402832,61.0,1.0,0.359907865524292,1650207624.3468735,1650207636.3519733
1650207636.5987265,39.97034454345703,61.0,0.684596598148346,0.3496417999267578,1650207636.5987265,1650207648.4575188
1650207648.73617,39.49814224243164,61.0,0.6159090995788574,0.33709993958473206,1650207648.73617,1650207661.9519815
1650207662.0725064,36.12381362915039,61.0,0.5730593800544739,0.33786869049072266,1650207662.0725064,1650207676.190617
1650207676.4514391,36.39757537841797,61.0,1.0,0.41380295157432556,1650207676.4514391,1650207686.6169517
1650207686.8062491,36.672428131103516,61.0,1.0,0.4089304208755493,1650207686.8062491,1650207697.2227943
1650207697.4475167,40.86006164550781,61.0,1.0,0.37904903292655945,1650207697.4475167,1650207708.215978
1650207708.3739414,37.90089416503906,61.0,0.6009389758110046,0.34259435534477234,1650207708.3739414,1650207722.1467042
1650207722.4387197,36.32826232910156,61.0,1.0,0.41522741317749023,1650207722.4387197,1650207732.7062078
1650207732.9298077,38.231788635253906,61.0,1.0,0.3818017840385437,1650207732.9298077,1650207744.0723672
1650207744.2090583,35.72727584838867,61.0,0.5639810562133789,0.34421420097351074,1650207744.2090583,1650207758.1479886
1650207758.3310592,40.12795639038086,61.0,1.0,0.3774256706237793,1650207758.3310592,1650207769.2959836
1650207769.457734,39.33861541748047,61.0,0.9701492786407471,0.386333703994751,1650207769.457734,1650207780.4138904
1650207780.6825094,36.494873046875,61.0,0.856733500957489,0.3785055875778198,1650207780.6825094,1650207792.2731786
1650207792.5807211,36.26717758178711,61.0,1.0,0.3318616449832916,1650207792.5807211,1650207806.8911815
1650207807.1189606,36.1934814453125,61.0,1.0,0.3990434408187866,1650207807.1189606,1650207817.783865
1650207817.8666654,40.052711486816406,61.0,0.732997477054596,0.3548867106437683,1650207817.8666654,1650207830.1255105
1650207830.3134882,35.788429260253906,61.0,0.934097409248352,0.3785055875778198,1650207830.3134882,1650207842.1329513
1650207842.2508335,42.50014114379883,61.0,0.8797953724861145,0.35759925842285156,1650207842.2508335,1650207853.5919724
1650207854.0685802,34.775840759277344,61.0,1.0,0.4016096591949463,1650207854.0685802,1650207865.0244617
1650207865.141579,41.0349235534668,61.0,1.0,0.359907865524292,1650207865.141579,1650207876.6439767
1650207876.816666,41.26651382446289,61.0,1.0,0.37011659145355225,1650207876.816666,1650207887.2852025
1650207887.5898402,39.626304626464844,61.0,1.0,0.3874921202659607,1650207887.5898402,1650207898.592633
1650207898.7716393,36.482200622558594,61.0,0.7960894107818604,0.3737175464630127,1650207898.7716393,1650207910.4759777
1650207910.7142398,36.35551071166992,61.0,1.0,0.3458572328090668,1650207910.7142398,1650207924.1097333
1650207924.256977,35.74635314941406,61.0,0.9379844665527344,0.3594425916671753,1650207924.256977,1650207936.9295979
1650207937.0131392,34.660423278808594,61.0,1.0,0.42640143632888794,1650207937.0131392,1650207947.226517
1650207947.3746984,34.46803283691406,61.0,1.0,0.34020692110061646,1650207947.3746984,1650207962.0839806
1650207962.1914413,38.70261001586914,61.0,0.8753246665000916,0.36037498712539673,1650207962.1914413,1650207974.2319727
1650207974.415724,38.83189010620117,61.0,1.0,0.4022589921951294,1650207974.415724,1650207984.613528
1650207984.7062626,34.748146057128906,61.0,0.9518072009086609,0.3880752623081207,1650207984.7062626,1650207996.3040032
1650207996.4913988,38.2558708190918,61.0,0.857519805431366,0.363216370344162,1650207996.4913988,1650208008.3327184
1650208008.4558089,35.65018081665039,61.0,1.0,0.41380295157432556,1650208008.4558089,1650208019.086891
1650208019.2194388,38.13322067260742,61.0,0.6067653298377991,0.32512804865837097,1650208019.2194388,1650208033.2229764
1650208033.3988311,36.5911979675293,61.0,1.0,0.4009634554386139,1650208033.3988311,1650208043.8111718
1650208044.0277472,37.470767974853516,61.0,1.0,0.3737175464630127,1650208044.0277472,1650208055.5033596
1650208055.6173236,38.70967483520508,61.0,1.0,0.3952847123146057,1650208055.6173236,1650208066.363991
1650208066.6087983,37.223731994628906,61.0,1.0,0.37319669127464294,1650208066.6087983,1650208078.0799744
1650208078.187319,35.08341979980469,61.0,1.0,0.4109974801540375,1650208078.187319,1650208088.249052
1650208088.3372426,36.82653045654297,61.0,1.0,0.3880752623081207,1650208088.3372426,1650208099.2532854
1650208099.4297721,36.488929748535156,61.0,1.0,0.3928371071815491,1650208099.4297721,1650208110.3920007
1650208110.5033846,36.1867561340332,61.0,0.7590027451515198,0.37216147780418396,1650208110.5033846,1650208122.5519915
1650208122.7798088,36.11606979370117,61.0,1.0,0.39777863025665283,1650208122.7798088,1650208133.5783262
1650208133.701752,36.40814971923828,61.0,1.0,0.3910309374332428,1650208133.701752,1650208144.7432358
1650208144.9023333,35.81780242919922,61.0,1.0,0.3990434408187866,1650208144.9023333,1650208155.9582875
1650208156.140377,35.646114349365234,61.0,0.8204419612884521,0.37164705991744995,1650208156.140377,1650208168.147296
1650208168.3403714,35.074092864990234,61.0,1.0,0.40422603487968445,1650208168.3403714,1650208179.2316012
1650208179.357308,38.757591247558594,61.0,0.6921296119689941,0.34020692110061646,1650208179.357308,1650208192.464417
1650208192.64668,34.1293830871582,61.0,1.0,0.42033135890960693,1650208192.64668,1650208203.311977
1650208203.6793485,36.775394439697266,61.0,1.0,0.3952847123146057,1650208203.6793485,1650208214.6377628
1650208214.9671762,37.442142486572266,61.0,0.7154989242553711,0.32581761479377747,1650208214.9671762,1650208229.2825959
1650208229.5118198,37.74946594238281,61.0,0.7243735790252686,0.33748364448547363,1650208229.5118198,1650208243.1543965
1650208243.2819297,35.235877990722656,61.0,1.0,0.35049980878829956,1650208243.2819297,1650208257.0746894
1650208257.3793492,32.698707580566406,61.0,0.9939393997192383,0.3892494738101959,1650208257.3793492,1650208269.703996
1650208270.104314,36.44720458984375,61.0,1.0,0.35805743932724,1650208270.104314,1650208282.9996786
1650208283.1664624,37.02989959716797,61.0,1.0,0.40622222423553467,1650208283.1664624,1650208293.8335183
1650208294.1541648,36.15403366088867,61.0,0.7058823704719543,0.3656361997127533,1650208294.1541648,1650208306.3519733
1650208306.534742,35.072147369384766,61.0,0.8267045617103577,0.376889169216156,1650208306.534742,1650208318.538569
1650208318.6903875,40.82328414916992,61.0,0.9323943853378296,0.3752933144569397,1650208318.6903875,1650208329.6645172
1650208330.0517511,34.3441276550293,61.0,1.0,0.32308533787727356,1650208330.0517511,1650208345.2799737
1650208345.47194,35.173160552978516,61.0,1.0,0.3352007567882538,1650208345.47194,1650208359.7726164
1650208360.0127392,39.77549362182617,61.0,1.0,0.3539961576461792,1650208360.0127392,1650208372.155895
1650208372.3256881,34.134822845458984,61.0,0.7859078645706177,0.36810508370399475,1650208372.3256881,1650208385.0399773
1650208385.2092693,35.89559555053711,61.0,1.0,0.3566882014274597,1650208385.2092693,1650208397.9127777
1650208398.003172,38.265228271484375,61.0,1.0,0.3910309374332428,1650208398.003172,1650208408.8223937
1650208408.9810653,35.96769714355469,61.0,0.8333333134651184,0.3823595643043518,1650208408.9810653,1650208420.4079854
1650208420.6117818,39.45075225830078,61.0,1.0,0.3892494738101959,1650208420.6117818,1650208431.257967
1650208431.48742,34.104862213134766,61.0,1.0,0.33709993958473206,1650208431.48742,1650208446.411978
1650208446.6079974,32.197731018066406,61.0,1.0,0.4225771129131317,1650208446.6079974,1650208457.2919796
1650208457.601064,36.95084762573242,61.0,0.9350649118423462,0.36037498712539673,1650208457.601064,1650208470.455979
1650208470.5859272,38.47111129760742,61.0,0.6963470578193665,0.33786869049072266,1650208470.5859272,1650208484.0245826
1650208484.2747676,36.60599136352539,61.0,0.7425474524497986,0.36810508370399475,1650208484.2747676,1650208496.54052
1650208496.7118132,37.82394790649414,61.0,0.7865168452262878,0.3747658431529999,1650208496.7118132,1650208508.4239702
1650208508.7106779,38.81454086303711,61.0,1.0,0.363216370344162,1650208508.7106779,1650208520.484616
1650208520.6410298,37.69983673095703,61.0,1.0,0.3880752623081207,1650208520.6410298,1650208531.5959845
1650208531.7893975,33.76690673828125,61.0,0.855555534362793,0.3726779818534851,1650208531.7893975,1650208544.9679816
1650208545.2505224,36.9483528137207,61.0,1.0,0.37424060702323914,1650208545.2505224,1650208556.9425187
1650208557.3261979,35.12367248535156,61.0,1.0,0.4048881530761719,1650208557.3261979,1650208568.1451125
1650208568.350081,39.79582977294922,61.0,1.0,0.3946685194969177,1650208568.350081,1650208578.6275399
1650208578.731492,34.9739875793457,61.0,1.0,0.41451334953308105,1650208578.731492,1650208589.024856
1650208589.2200835,38.860836029052734,61.0,1.0,0.3959037959575653,1650208589.2200835,1650208599.4617572
1650208599.725915,38.56696319580078,61.0,1.0,0.39405521750450134,1650208599.725915,1650208609.9159832
1650208610.1783257,35.70861053466797,61.0,1.0,0.41309618949890137,1650208610.1783257,1650208620.567977
1650208620.7016563,34.02244567871094,61.0,1.0,0.3840476870536804,1650208620.7016563,1650208632.7525237
1650208632.9079974,36.42888259887695,61.0,0.8367952704429626,0.3851855993270874,1650208632.9079974,1650208644.1353521
1650208644.2913053,36.9412727355957,61.0,0.8600000143051147,0.3535533845424652,1650208644.2913053,1650208657.3119726
1650208657.753631,36.96567916870117,61.0,1.0,0.3965258002281189,1650208657.753631,1650208668.6285834
1650208668.8782942,37.71411895751953,61.0,0.8543956279754639,0.3706246614456177,1650208668.8782942,1650208680.491982
1650208680.6124513,36.048973083496094,61.0,0.9967105388641357,0.40555354952812195,1650208680.6124513,1650208691.403327
1650208691.5576696,32.94489669799805,61.0,1.0,0.4035671651363373,1650208691.5576696,1650208702.6367755
1650208702.8617053,34.90962600708008,61.0,0.8700565099716187,0.3758230209350586,1650208702.8617053,1650208715.035998
1650208715.214623,36.848976135253906,61.0,0.9095744490623474,0.3646624684333801,1650208715.214623,1650208727.508044
1650208727.636074,34.336727142333984,61.0,1.0,0.3834824860095978,1650208727.636074,1650208740.0426147
1650208740.1957626,36.20266342163086,61.0,0.7596153616905212,0.3466876149177551,1650208740.1957626,1650208754.200257
1650208754.3601866,35.51762390136719,61.0,1.0,0.35179877281188965,1650208754.3601866,1650208767.6212091
1650208767.8302224,34.93266296386719,61.0,1.0,0.4075695872306824,1650208767.8302224,1650208778.6224139
1650208778.7989058,36.742401123046875,61.0,1.0,0.3622617721557617,1650208778.7989058,1650208791.127986
1650208791.2566578,34.751468658447266,61.0,1.0,0.381246417760849,1650208791.2566578,1650208803.169824
1650208803.401914,35.838993072509766,61.0,0.9779179692268372,0.3971507251262665,1650208803.401914,1650208814.2002082
1650208814.3247304,35.16754913330078,61.0,1.0,0.4233337640762329,1650208814.3247304,1650208824.3623934
1650208824.7679656,35.869537353515625,61.0,1.0,0.42485928535461426,1650208824.7679656,1650208834.8879733
1650208835.332441,40.19667053222656,61.0,1.0,0.3823595643043518,1650208835.332441,1650208846.2039883
1650208846.5035436,36.430320739746094,61.0,0.551886796951294,0.34340140223503113,1650208846.5035436,1650208860.4479725
1650208860.555613,34.7001838684082,61.0,1.0,0.3785055875778198,1650208860.555613,1650208872.8033874
1650208873.0091188,34.08449172973633,61.0,1.0,0.3651483654975891,1650208873.0091188,1650208886.006232
1650208886.1134417,36.86050796508789,61.0,0.903030276298523,0.3892494738101959,1650208886.1134417,1650208897.3992336
1650208897.5938287,38.282630920410156,61.0,1.0,0.3496417999267578,1650208897.5938287,1650208910.5239747
1650208910.7124627,32.40878677368164,61.0,1.0,0.4068942368030548,1650208910.7124627,1650208922.1599748
1650208922.4058468,35.028507232666016,61.0,1.0,0.41812101006507874,1650208922.4058468,1650208932.568998
1650208932.7243598,37.38011932373047,61.0,1.0,0.39840954542160034,1650208932.7243598,1650208943.130961
1650208943.277515,36.84891128540039,61.0,0.9203084707260132,0.3585173785686493,1650208943.277515,1650208955.9237504
1650208956.3274138,36.034332275390625,61.0,1.0,0.3737175464630127,1650208956.3274138,1650208968.3159804
1650208968.4060662,34.70168685913086,61.0,1.0,0.3990434408187866,1650208968.4060662,1650208979.7599816
1650208979.9333167,36.293827056884766,61.0,1.0,0.386333703994751,1650208979.9333167,1650208991.2024512
1650208991.6105406,34.72718811035156,61.0,1.0,0.3922322690486908,1650208991.6105406,1650209002.840935
1650209002.9506774,36.97406768798828,61.0,0.656682014465332,0.3394221067428589,1650209002.9506774,1650209016.6900373
1650209016.9341724,34.89384841918945,61.0,1.0,0.4003203809261322,1650209016.9341724,1650209027.8816605
1650209028.0258105,35.2496452331543,61.0,1.0,0.41885390877723694,1650209028.0258105,1650209038.4940004
1650209038.6650832,35.30400848388672,61.0,1.0,0.3737175464630127,1650209038.6650832,1650209051.2982092
1650209051.4379606,35.98506164550781,61.0,0.8650602698326111,0.3471050560474396,1650209051.4379606,1650209064.8879857
1650209065.0361156,34.876373291015625,61.0,0.8834356069564819,0.39163023233413696,1650209065.0361156,1650209076.4765258
1650209076.7518582,35.970245361328125,61.0,1.0,0.37164705991744995,1650209076.7518582,1650209088.455976
1650209088.7204342,36.79251480102539,61.0,1.0,0.386333703994751,1650209088.7204342,1650209099.8640053
1650209100.0163407,33.8000602722168,61.0,1.0,0.42640143632888794,1650209100.0163407,1650209110.5192802
1650209110.6928554,33.49728775024414,61.0,1.0,0.4022589921951294,1650209110.6928554,1650209121.648966
1650209121.8263602,35.895931243896484,61.0,1.0,0.3726779818534851,1650209121.8263602,1650209134.0283003
1650209134.272873,36.545433044433594,61.0,1.0,0.4068942368030548,1650209134.272873,1650209144.944521
1650209145.139872,34.106590270996094,61.0,1.0,0.3990434408187866,1650209145.139872,1650209156.2520943
1650209156.407226,38.088592529296875,61.0,1.0,0.3834824860095978,1650209156.407226,1650209167.171604
1650209167.3253756,33.78943634033203,61.0,1.0,0.36612600088119507,1650209167.3253756,1650209180.4359818
1650209180.699252,36.56602478027344,61.0,1.0,0.4003203809261322,1650209180.699252,1650209190.8999782
1650209191.0535357,38.496009826660156,61.0,1.0,0.4048881530761719,1650209191.0535357,1650209201.288363
1650209201.4691188,40.94782257080078,61.0,1.0,0.3686048984527588,1650209201.4691188,1650209212.5319777
1650209212.6689634,37.860008239746094,61.0,0.8352941274642944,0.3834824860095978,1650209212.6689634,1650209223.73605
1650209223.9534326,36.938045501708984,61.0,0.9699699878692627,0.3874921202659607,1650209223.9534326,1650209235.1613889
1650209235.316045,40.561954498291016,61.0,1.0,0.35623523592948914,1650209235.316045,1650209247.0018723
1650209247.1468651,34.779598236083984,61.0,1.0,0.43768811225891113,1650209247.1468651,1650209257.3252456
1650209257.528106,36.3740234375,61.0,1.0,0.3880752623081207,1650209257.528106,1650209268.9648397
1650209269.0880585,35.70908737182617,61.0,1.0,0.3971507251262665,1650209269.0880585,1650209279.9536395
1650209280.2049022,34.82455062866211,61.0,0.9022082090377808,0.3971507251262665,1650209280.2049022,1650209291.57619
1650209291.6930223,34.377532958984375,61.0,1.0,0.42640143632888794,1650209291.6930223,1650209301.845001
1650209302.0185661,35.50214767456055,61.0,1.0,0.42409446835517883,1650209302.0185661,1650209312.1869645
1650209312.3462954,37.89371871948242,61.0,0.6739130616188049,0.3475240170955658,1650209312.3462954,1650209325.4355364
1650209325.5753155,34.36812973022461,61.0,0.6685236692428589,0.37319669127464294,1650209325.5753155,1650209337.9705205
1650209338.145973,33.68397521972656,61.0,1.0,0.4109974801540375,1650209338.145973,1650209349.160112
1650209349.227537,32.58873748779297,61.0,1.0,0.43519413471221924,1650209349.227537,1650209359.2923634
1650209359.5534723,38.65553283691406,61.0,1.0,0.4075695872306824,1650209359.5534723,1650209369.6425843
1650209369.7971632,38.08571243286133,61.0,1.0,0.3585173785686493,1650209369.7971632,1650209381.875183
1650209382.0241861,34.843963623046875,61.0,1.0,0.3922322690486908,1650209382.0241861,1650209392.9873474
1650209393.135666,37.23687744140625,61.0,1.0,0.39968037605285645,1650209393.135666,1650209404.0119808
1650209404.1948807,32.838382720947266,61.0,0.9174311757087708,0.3910309374332428,1650209404.1948807,1650209416.5280092
1650209416.7910528,36.16615676879883,61.0,0.7131147384643555,0.36961063742637634,1650209416.7910528,1650209428.846522
1650209441.2591105,36.18649673461914,60.0,1.0,0.41380295157432556,1650209441.2591105,1650209451.9260724
1650209452.2160106,37.19975280761719,60.0,1.0,0.3487900495529175,1650209452.2160106,1650209465.146204
1650209465.2978127,35.41814422607422,60.0,0.7861111164093018,0.3726779818534851,1650209465.2978127,1650209477.4102485
1650209477.54338,37.98992919921875,60.0,1.0,0.3886610269546509,1650209477.54338,1650209488.5199728
1650209488.6397572,34.30113983154297,60.0,0.6972222328186035,0.3726779818534851,1650209488.6397572,1650209500.7967877
1650209500.9761517,36.364070892333984,60.0,1.0,0.3965258002281189,1650209500.9761517,1650209511.8935208
1650209512.0750506,38.37070846557617,60.0,0.8010899424552917,0.3691067397594452,1650209512.0750506,1650209524.063362
1650209524.2155316,33.2761116027832,60.0,1.0,0.4335549771785736,1650209524.2155316,1650209534.4631228
1650209534.6910262,37.56661605834961,60.0,1.0,0.4016096591949463,1650209534.6910262,1650209545.0992033
1650209567.5556073,37.79169464111328,61.0,0.7700534462928772,0.3656361997127533,1650209567.5556073,1650209579.4629855
1650209579.612249,37.672210693359375,61.0,1.0,0.3928371071815491,1650209579.612249,1650209590.4159682
1650209590.7999887,36.442203521728516,61.0,1.0,0.3471050560474396,1650209590.7999887,1650209604.3008182
1650209604.5049617,33.90781021118164,61.0,1.0,0.3594425916671753,1650209604.5049617,1650209617.628782
1650209617.7883615,38.01920700073242,61.0,0.7772276997566223,0.35179877281188965,1650209617.7883615,1650209630.623979
1650209630.894213,38.75984573364258,61.0,1.0,0.3851855993270874,1650209630.894213,1650209641.704369
1650209641.793654,36.62739181518555,61.0,0.7687687873840332,0.3874921202659607,1650209641.793654,1650209652.905556
1650209653.2638133,37.42457580566406,61.0,1.0,0.3959037959575653,1650209653.2638133,1650209663.9519775
1650209664.1279423,34.940826416015625,61.0,1.0,0.42182454466819763,1650209664.1279423,1650209674.287977
1650209674.540143,35.91596603393555,61.0,1.0,0.3585173785686493,1650209674.540143,1650209687.319975
1650209687.6574962,35.9211311340332,61.0,1.0,0.3608439266681671,1650209687.6574962,1650209700.3519735
1650209700.5362337,34.17259979248047,61.0,1.0,0.42409446835517883,1650209700.5362337,1650209710.924673
1650209711.1817536,31.48116111755371,61.0,1.0,0.4319342076778412,1650209711.1817536,1650209721.664213
1650209721.8365319,31.362438201904297,61.0,1.0,0.39777863025665283,1650209721.8365319,1650209734.1123633
1650209734.2943933,32.97061538696289,61.0,1.0,0.3747658431529999,1650209734.2943933,1650209746.911689
1650209747.0830894,34.82211685180664,61.0,1.0,0.37164705991744995,1650209747.0830894,1650209759.287976
1650209759.4666374,36.086387634277344,61.0,1.0,0.38691163063049316,1650209759.4666374,1650209770.634283
1650209770.773147,32.287559509277344,61.0,0.7947883009910583,0.4035671651363373,1650209770.773147,1650209782.4494705
1650209782.6542795,37.2598991394043,61.0,1.0,0.34627169370651245,1650209782.6542795,1650209795.9661787
1650209796.048678,36.50178146362305,61.0,0.5809312462806702,0.33296358585357666,1650209796.048678,1650209810.48633
1650209810.6422143,34.666465759277344,61.0,0.9508670568466187,0.3801429569721222,1650209810.6422143,1650209822.6999764
1650209822.7714927,36.45534133911133,61.0,0.7095959782600403,0.3553345203399658,1650209822.7714927,1650209835.9108567
1650209836.218357,36.48323440551758,61.0,1.0,0.34921514987945557,1650209836.218357,1650209849.566954
1650209849.7244818,37.5157470703125,61.0,1.0,0.3952847123146057,1650209849.7244818,1650209860.439982
1650209860.7239788,34.91315841674805,61.0,1.0,0.3990434408187866,1650209860.7239788,1650209871.7799826
1650209871.8997157,37.13545608520508,61.0,1.0,0.40422603487968445,1650209871.8997157,1650209882.1594527
1650209882.307621,36.36506652832031,61.0,1.0,0.37796446681022644,1650209882.307621,1650209893.7746701
1650209894.086754,35.078369140625,61.0,1.0,0.42562827467918396,1650209894.086754,1650209904.320981
1650209904.5011575,34.8252067565918,61.0,0.7540106773376465,0.3656361997127533,1650209904.5011575,1650209917.3079734
1650209917.496675,38.71680450439453,61.0,1.0,0.3971507251262665,1650209917.496675,1650209927.543992
1650209927.7020574,36.15279006958008,61.0,1.0,0.30233702063560486,1650209927.7020574,1650209944.630212
1650209944.853603,37.00754165649414,61.0,1.0,0.32969024777412415,1650209944.853603,1650209959.1479862
1650209959.3154085,34.73384475708008,61.0,1.0,0.40622222423553467,1650209959.3154085,1650209970.4284883
1650209970.6209552,33.74799728393555,61.0,0.7462311387062073,0.3544405996799469,1650209970.6209552,1650209984.0439742
1650209984.2860918,39.00271987915039,61.0,1.0,0.3348247706890106,1650209984.2860918,1650209997.7979693
1650209998.1266983,34.9139404296875,61.0,1.0,0.3851855993270874,1650209998.1266983,1650210009.9271421
1650210010.0557659,38.29142761230469,61.0,1.0,0.4022589921951294,1650210010.0557659,1650210020.632546
1650210020.7809916,34.960975646972656,61.0,0.6439393758773804,0.3553345203399658,1650210020.7809916,1650210033.8527088
1650210033.9938905,34.848297119140625,61.0,1.0,0.42033135890960693,1650210033.9938905,1650210044.1522057
1650210044.2962842,36.8731689453125,61.0,1.0,0.3666177988052368,1650210044.2962842,1650210056.2561998
1650210056.4173293,37.38835525512695,61.0,1.0,0.3840476870536804,1650210056.4173293,1650210067.6240275
1650210068.0437863,35.065956115722656,61.0,1.0,0.34259435534477234,1650210068.0437863,1650210082.1315248
1650210082.2938411,36.9125862121582,61.0,1.0,0.3500700294971466,1650210082.2938411,1650210095.4871724
1650210095.6766512,38.245208740234375,61.0,0.8091787695884705,0.3475240170955658,1650210095.6766512,1650210108.7501845
1650210109.0134099,37.0534553527832,61.0,0.6897959113121033,0.31943827867507935,1650210109.0134099,1650210124.0187576
1650210124.4806273,35.86259841918945,61.0,1.0,0.32651156187057495,1650210124.4806273,1650210139.5102131
1650210139.8120294,32.754974365234375,61.0,1.0,0.42796048521995544,1650210139.8120294,1650210150.1310725
1650210150.363373,33.720924377441406,61.0,1.0,0.42182454466819763,1650210150.363373,1650210160.475788
1650210160.6553538,36.86066818237305,61.0,1.0,0.4068942368030548,1650210160.6553538,1650210171.0729618
1650210171.2839174,37.76774978637695,61.0,0.9947643876075745,0.3617872893810272,1650210171.2839174,1650210183.039979
1650210183.1630712,34.80804443359375,61.0,1.0,0.4029114842414856,1650210183.1630712,1650210194.1088173
1650210194.340123,35.270626068115234,61.0,1.0,0.4159451723098755,1650210194.340123,1650210204.6319733
1650210204.834819,36.401920318603516,61.0,0.783561646938324,0.37011659145355225,1650210204.834819,1650210217.031978
1650210217.2681277,34.60044860839844,61.0,0.8307210206985474,0.3959037959575653,1650210217.2681277,1650210228.8286712
1650210228.9635148,34.72782516479492,61.0,0.8149253726005554,0.386333703994751,1650210228.9635148,1650210240.9999726
1650210241.272625,37.005252838134766,61.0,0.9893333315849304,0.3651483654975891,1650210241.272625,1650210253.4060373
1650210253.7387183,34.32376480102539,61.0,0.8369905948638916,0.3959037959575653,1650210253.7387183,1650210265.0719736
1650210265.2778137,33.82696533203125,61.0,1.0,0.44108107686042786,1650210265.2778137,1650210275.3585293
1650210287.4060538,37.17410659790039,60.0,1.0,0.3922322690486908,1650210287.4060538,1650210298.1124313
1650210298.3295763,37.36943817138672,60.0,0.8077994585037231,0.37319669127464294,1650210298.3295763,1650210309.9433448
1650210310.1168213,37.11572265625,60.0,1.0,0.4035671651363373,1650210310.1168213,1650210320.6244981
1650210320.762899,38.71635055541992,60.0,1.0,0.39840954542160034,1650210320.762899,1650210331.1202803
1650210331.337414,33.57746887207031,60.0,1.0,0.4116934835910797,1650210331.337414,1650210342.2673619
1650210342.4270854,34.527565002441406,60.0,0.9867109656333923,0.4075695872306824,1650210342.4270854,1650210353.2879727
1650210353.4625237,35.66681671142578,60.0,1.0,0.4233337640762329,1650210353.4625237,1650210363.5839765
1650210363.6933653,34.409873962402344,60.0,0.7138810157775879,0.37635496258735657,1650210363.6933653,1650210375.9863484
1650210376.111255,35.80561065673828,60.0,0.6534883975982666,0.3409971594810486,1650210376.111255,1650210390.2431183
1650210390.417878,32.49763488769531,60.0,1.0,0.42796048521995544,1650210390.417878,1650210400.6340065
1650210400.7822516,38.33705520629883,60.0,1.0,0.36417850852012634,1650210400.7822516,1650210412.5724108
1650210412.7186377,32.036582946777344,60.0,1.0,0.4428074359893799,1650210412.7186377,1650210423.0817904
1650210447.1088145,33.60797882080078,61.0,1.0,0.4109974801540375,1650210447.1088145,1650210457.9693305
1650210458.230442,34.97337341308594,61.0,0.9965986609458923,0.41239306330680847,1650210458.230442,1650210468.9814777
1650210469.1107721,33.181678771972656,61.0,0.8993710875511169,0.3965258002281189,1650210469.1107721,1650210480.8039722
1650210481.1054792,33.3371696472168,61.0,0.8422459959983826,0.3656361997127533,1650210481.1054792,1650210494.1839747
1650210494.4007406,34.51362991333008,61.0,0.6609071493148804,0.32862040400505066,1650210494.4007406,1650210509.814941
1650210509.9904964,34.41957473754883,61.0,1.0,0.4022589921951294,1650210509.9904964,1650210520.6239808
1650210520.8508322,37.22978591918945,61.0,0.6584766507148743,0.35049980878829956,1650210520.8508322,1650210533.6631544
1650210533.852411,34.90339279174805,61.0,1.0,0.41812101006507874,1650210533.852411,1650210544.0233424
1650210544.1772866,32.78028869628906,61.0,1.0,0.42485928535461426,1650210544.1772866,1650210555.067978
1650210555.2509189,39.09458923339844,61.0,0.7538071274757385,0.35623523592948914,1650210555.2509189,1650210567.4265163
1650210567.5354733,34.887298583984375,61.0,0.8150134086608887,0.36612600088119507,1650210567.5354733,1650210580.4341502
1650210580.8513234,36.921627044677734,61.0,1.0,0.4233337640762329,1650210580.8513234,1650210591.0079722
1650210591.1096053,36.617435455322266,61.0,0.6773333549499512,0.3651483654975891,1650210591.1096053,1650210603.2895956
1650210603.3919063,34.66700744628906,61.0,1.0,0.3904344141483307,1650210603.3919063,1650210614.9302542
1650210615.0669808,36.15605163574219,61.0,1.0,0.37904903292655945,1650210615.0669808,1650210626.6279776
1650210626.783756,33.5505485534668,61.0,0.8859649300575256,0.3823595643043518,1650210626.783756,1650210639.421404
1650210639.7184083,32.355384826660156,61.0,0.7247706651687622,0.3910309374332428,1650210639.7184083,1650210652.0502038
1650210652.2501557,33.03921890258789,61.0,1.0,0.3971507251262665,1650210652.2501557,1650210664.0240421
1650210664.1880224,38.675899505615234,61.0,1.0,0.3934447467327118,1650210664.1880224,1650210674.5045247
1650210674.6205878,34.66383361816406,61.0,1.0,0.35623523592948914,1650210674.6205878,1650210688.0639935
1650210688.1939826,36.3935661315918,61.0,0.7887324094772339,0.3752933144569397,1650210688.1939826,1650210700.448896
1650210700.5891438,37.17456817626953,61.0,1.0,0.3874921202659607,1650210700.5891438,1650210711.671989
1650210711.8538768,35.83070755004883,61.0,1.0,0.3686048984527588,1650210711.8538768,1650210724.357119
1650210724.5943089,34.258060455322266,61.0,0.574999988079071,0.33709993958473206,1650210724.5943089,1650210739.4521255
1650210739.674208,32.8111457824707,61.0,0.6376470327377319,0.34299716353416443,1650210739.674208,1650210754.2729063
1650210754.4407728,36.766258239746094,61.0,1.0,0.35093119740486145,1650210754.4407728,1650210767.9314024
1650210768.1027358,30.2288875579834,61.0,0.738095223903656,0.3857583701610565,1650210768.1027358,1650210780.871978
1650210780.9962897,34.70248794555664,61.0,1.0,0.4035671651363373,1650210780.9962897,1650210791.7159827
1650210791.923206,36.36553192138672,61.0,1.0,0.3409971594810486,1650210791.923206,1650210805.9199765
1650210806.020612,35.426822662353516,61.0,0.7037037014961243,0.36369648575782776,1650210806.020612,1650210819.3156226
1650210819.4184487,34.034217834472656,61.0,0.8918032646179199,0.4048881530761719,1650210819.4184487,1650210830.7599754
1650210831.1844866,35.59003829956055,61.0,1.0,0.41885390877723694,1650210831.1844866,1650210841.3558726
1650210841.4345937,36.23483657836914,61.0,1.0,0.3651483654975891,1650210841.4345937,1650210854.074364
1650210854.3589582,32.49272537231445,61.0,1.0,0.45083481073379517,1650210854.3589582,1650210864.4535258
1650210864.6862962,33.06993103027344,61.0,1.0,0.4295367896556854,1650210864.6862962,1650210875.028017
1650210875.2832305,34.72411346435547,61.0,1.0,0.38984057307243347,1650210875.2832305,1650210886.399425
1650210886.6153383,34.95441436767578,61.0,1.0,0.4233337640762329,1650210886.6153383,1650210897.2005532
1650210897.3196228,33.32768630981445,61.0,0.9175257682800293,0.41451334953308105,1650210897.3196228,1650210908.1514583
1650210908.2861462,33.43327331542969,61.0,1.0,0.3553345203399658,1650210908.2861462,1650210922.1645365
1650210922.281939,31.525588989257812,61.0,1.0,0.4075695872306824,1650210922.281939,1650210934.3673596
1650210934.6415718,35.55015563964844,61.0,1.0,0.39777863025665283,1650210934.6415718,1650210945.611988
1650210945.8568072,33.645259857177734,61.0,1.0,0.4166666567325592,1650210945.8568072,1650210956.7052894
1650210956.967146,33.28520965576172,61.0,1.0,0.4159451723098755,1650210956.967146,1650210967.8128045
1650210967.9548912,33.763126373291016,61.0,1.0,0.41309618949890137,1650210967.9548912,1650210978.8839738
1650210978.9965844,32.85860824584961,61.0,0.8078175783157349,0.4035671651363373,1650210978.9965844,1650210990.348252
1650210990.4931912,36.69577407836914,61.0,1.0,0.41812101006507874,1650210990.4931912,1650211001.0121133
1650211001.3516793,45.69670104980469,61.0,0.6077097654342651,0.33671751618385315,1650211001.3516793,1650211013.1468413
1650211013.5051765,42.101356506347656,61.0,1.0,0.34299716353416443,1650211013.5051765,1650211025.9513314
1650211026.2916315,41.238426208496094,61.0,1.0,0.3337043225765228,1650211026.2916315,1650211039.1679714
1650211039.3715677,40.86260223388672,61.0,0.7693920135498047,0.3237619400024414,1650211039.3715677,1650211052.7334192
1650211052.8812513,39.93430709838867,61.0,1.0,0.35897907614707947,1650211052.8812513,1650211064.9260325
1650211065.1030416,44.41986846923828,61.0,1.0,0.3566882014274597,1650211065.1030416,1650211075.863992
1650211076.420513,37.52609634399414,61.0,0.8033826351165771,0.32512804865837097,1650211076.420513,1650211090.9703872
1650211091.4189622,37.3448600769043,61.0,1.0,0.3904344141483307,1650211091.4189622,1650211102.1567183
1650211102.2699113,37.55704116821289,61.0,1.0,0.33903175592422485,1650211102.2699113,1650211115.9823866
1650211116.1048176,35.29107666015625,61.0,1.0,0.3322277367115021,1650211116.1048176,1650211131.1794505
1650211131.4656851,36.5839958190918,61.0,1.0,0.3959037959575653,1650211131.4656851,1650211141.9894125
1650211142.13057,33.99030685424805,61.0,1.0,0.38984057307243347,1650211142.13057,1650211154.0751522
1650211154.3347871,35.60114288330078,61.0,1.0,0.3892494738101959,1650211154.3347871,1650211165.3737588
1650211165.634829,31.155086517333984,61.0,1.0,0.43113061785697937,1650211165.634829,1650211176.5479748
1650211176.7208846,35.24736404418945,61.0,1.0,0.4075695872306824,1650211176.7208846,1650211187.359978
1650211187.8673317,39.19820022583008,61.0,1.0,0.3651483654975891,1650211187.8673317,1650211199.4239852
1650211199.7652416,36.430946350097656,61.0,0.7086092829704285,0.3322277367115021,1650211199.7652416,1650211214.0113723
1650211214.3191543,36.49968719482422,61.0,1.0,0.3622617721557617,1650211214.3191543,1650211226.5932326
1650211226.8660192,37.48883056640625,61.0,1.0,0.3487900495529175,1650211226.8660192,1650211239.7765317
1650211239.9712036,40.09404754638672,61.0,0.5332103371620178,0.3037283718585968,1650211239.9712036,1650211255.484728
1650211255.6565428,36.504638671875,61.0,1.0,0.34627169370651245,1650211255.6565428,1650211269.3260386
1650211269.5318575,42.474483489990234,61.0,1.0,0.35759925842285156,1650211269.5318575,1650211280.785673
1650211280.8877122,35.93025588989258,61.0,0.6311688423156738,0.36037498712539673,1650211280.8877122,1650211293.4119763
1650211293.7210689,39.30210876464844,61.0,1.0,0.376889169216156,1650211293.7210689,1650211304.7382898
1650211304.8809452,33.87541198730469,61.0,1.0,0.3959037959575653,1650211304.8809452,1650211316.7184393
1650211316.8829522,33.21920394897461,61.0,1.0,0.4303314685821533,1650211316.8829522,1650211327.0276868
1650211327.2690456,38.01420593261719,61.0,1.0,0.3904344141483307,1650211327.2690456,1650211337.659898
1650211337.9476478,36.30467224121094,61.0,1.0,0.39405521750450134,1650211337.9476478,1650211348.9655132
1650211349.1408932,36.858985900878906,61.0,0.8891891837120056,0.36760732531547546,1650211349.1408932,1650211361.3224545
1650211361.6278756,35.37717056274414,61.0,0.9431818127632141,0.376889169216156,1650211361.6278756,1650211373.5564728
1650211373.753656,41.19108200073242,61.0,1.0,0.36810508370399475,1650211373.753656,1650211384.6297965
1650211396.4690151,36.344932556152344,61.0,1.0,0.4103049635887146,1650211396.4690151,1650211406.6217377
1650211406.8506634,37.923797607421875,61.0,1.0,0.3795948028564453,1650211406.8506634,1650211417.8463976
1650211418.084498,40.274173736572266,61.0,0.8881579041481018,0.331133097410202,1650211418.084498,1650211431.1946363
1650211431.3228173,35.41515350341797,61.0,1.0,0.36961063742637634,1650211431.3228173,1650211444.0292425
1650211444.3758001,35.22410583496094,61.0,1.0,0.41380295157432556,1650211444.3758001,1650211454.8799706
1650211454.967739,35.85862731933594,61.0,1.0,0.41739192605018616,1650211454.967739,1650211465.0908256
1650211465.3491938,37.410552978515625,61.0,0.9585987329483032,0.3990434408187866,1650211465.3491938,1650211476.0413637
1650211476.2140026,36.67284393310547,61.0,1.0,0.4103049635887146,1650211476.2140026,1650211486.6576977
1650211486.769106,38.79911804199219,61.0,1.0,0.34462276101112366,1650211486.769106,1650211499.6044497
1650211500.0019047,37.900245666503906,61.0,1.0,0.386333703994751,1650211500.0019047,1650211510.9517024
1650211511.0900526,34.02731704711914,61.0,0.7755991220474243,0.33004918694496155,1650211511.0900526,1650211526.371893
1650211526.5716722,38.36975860595703,61.0,1.0,0.3795948028564453,1650211526.5716722,1650211537.5959795
1650211537.723402,38.414363861083984,61.0,1.0,0.4029114842414856,1650211537.723402,1650211547.9799824
1650211548.2243261,35.68063735961914,61.0,1.0,0.37113481760025024,1650211548.2243261,1650211560.583971
1650211560.7338963,34.58515548706055,61.0,0.7380281686782837,0.3752933144569397,1650211560.7338963,1650211572.8778353
1650211573.0662177,35.87242889404297,61.0,1.0,0.3904344141483307,1650211573.0662177,1650211583.965953
1650211584.1054616,36.01424789428711,61.0,1.0,0.4109974801540375,1650211584.1054616,1650211594.5180075
1650211594.5991774,39.895225524902344,61.0,1.0,0.38984057307243347,1650211594.5991774,1650211605.076622
1650211605.3146825,38.69266128540039,61.0,1.0,0.3971507251262665,1650211605.3146825,1650211615.600871
1650211615.8720894,36.2556037902832,61.0,1.0,0.3325950503349304,1650211615.8720894,1650211630.4905188
1650211630.9344068,36.027557373046875,61.0,1.0,0.41812101006507874,1650211630.9344068,1650211641.343106
1650211641.5031724,34.22606658935547,61.0,1.0,0.4343722462654114,1650211641.5031724,1650211651.6416435
1650211652.002316,36.04296112060547,61.0,0.9522184133529663,0.41309618949890137,1650211652.002316,1650211662.6840131
1650211663.0303097,39.263282775878906,61.0,1.0,0.3904344141483307,1650211663.0303097,1650211673.5999815
1650211673.8887868,35.79914855957031,61.0,1.0,0.41380295157432556,1650211673.8887868,1650211684.0286925
1650211684.2848146,33.44220733642578,61.0,1.0,0.3737175464630127,1650211684.2848146,1650211697.232525
1650211697.6154306,36.425628662109375,61.0,1.0,0.41885390877723694,1650211697.6154306,1650211707.6358483
1650211707.8198252,36.18819046020508,61.0,1.0,0.3959037959575653,1650211707.8198252,1650211718.790255
1650211719.2641604,35.40507507324219,61.0,1.0,0.37904903292655945,1650211719.2641604,1650211731.2680893
1650211731.5551155,36.38215255737305,61.0,1.0,0.3910309374332428,1650211731.5551155,1650211742.631975
1650211742.727534,34.56511688232422,61.0,1.0,0.42409446835517883,1650211742.727534,1650211752.9690738
1650211753.2247744,34.22980880737305,61.0,1.0,0.40961596369743347,1650211753.2247744,1650211763.8879955
1650211764.00949,35.11204147338867,61.0,0.8855421543121338,0.3880752623081207,1650211764.00949,1650211775.2876723
1650211775.459813,39.65418243408203,61.0,1.0,0.36273813247680664,1650211775.459813,1650211786.9340124
1650211787.2792015,39.14570999145508,61.0,0.9081632494926453,0.3571428656578064,1650211787.2792015,1650211799.2089887
1650211799.3727815,31.386825561523438,61.0,0.9797979593276978,0.4103049635887146,1650211799.3727815,1650211810.6195385
1650211810.891794,35.61118698120117,61.0,1.0,0.3928371071815491,1650211810.891794,1650211822.0399756
1650211822.1368866,33.05546188354492,61.0,0.8881788849830627,0.39968037605285645,1650211822.1368866,1650211833.783978
1650211833.8760927,35.96480941772461,61.0,1.0,0.4233337640762329,1650211833.8760927,1650211844.0527067
1650211844.2189896,33.814125061035156,61.0,1.0,0.42562827467918396,1650211844.2189896,1650211854.6288402
1650211854.8042986,33.97261428833008,61.0,1.0,0.41309618949890137,1650211854.8042986,1650211865.2833273
1650211865.5088263,32.39307403564453,61.0,1.0,0.40961596369743347,1650211865.5088263,1650211876.6223135
1650211876.7729993,35.755104064941406,61.0,0.8366197347640991,0.3752933144569397,1650211876.7729993,1650211888.6314456
1650211888.8486042,33.921051025390625,61.0,1.0,0.3886610269546509,1650211888.8486042,1650211900.6406915
1650211900.7697008,36.816410064697266,61.0,1.0,0.38461539149284363,1650211900.7697008,1650211912.2319808
1650211912.4181612,35.58667755126953,61.0,0.7268292903900146,0.34921514987945557,1650211912.4181612,1650211925.8220541
1650211926.0073698,35.54408645629883,61.0,1.0,0.41451334953308105,1650211926.0073698,1650211936.2481728
1650211936.4289393,33.81315231323242,61.0,1.0,0.3834824860095978,1650211936.4289393,1650211948.583973
1650211948.7557383,40.65749740600586,61.0,1.0,0.36961063742637634,1650211948.7557383,1650211959.9959776
1650211960.2769022,37.11570358276367,61.0,1.0,0.37319669127464294,1650211960.2769022,1650211971.7545233
1650211971.88238,35.87697982788086,61.0,1.0,0.42182454466819763,1650211971.88238,1650211982.056035
1650211982.3713562,34.43681716918945,61.0,1.0,0.4029114842414856,1650211982.3713562,1650211993.3189423
1650211993.5377698,35.611427307128906,61.0,1.0,0.3851855993270874,1650211993.5377698,1650212005.4159791
1650212005.577388,33.30905532836914,61.0,1.0,0.39840954542160034,1650212005.577388,1650212017.375982
1650212017.4429855,34.99624252319336,61.0,1.0,0.41380295157432556,1650212017.4429855,1650212027.5297825
1650212027.6671422,32.29751205444336,61.0,1.0,0.43519413471221924,1650212027.6671422,1650212037.7607987
1650212037.871669,36.4330940246582,61.0,1.0,0.37216147780418396,1650212037.871669,1650212049.9760482
1650212050.0673776,34.1304817199707,61.0,0.6860759258270264,0.35578402876853943,1650212050.0673776,1650212063.33997
1650212063.450226,33.21037292480469,61.0,0.8571428656578064,0.3818017840385437,1650212063.450226,1650212075.7054338
1650212075.8892014,34.83641815185547,61.0,1.0,0.3892494738101959,1650212075.8892014,1650212087.4001436
1650212087.6336343,32.52903366088867,61.0,1.0,0.4343722462654114,1650212087.6336343,1650212098.4239943
1650212098.7010136,34.35331344604492,61.0,1.0,0.3348247706890106,1650212098.7010136,1650212113.8087263
1650212114.005061,36.043914794921875,61.0,1.0,0.3785055875778198,1650212114.005061,1650212125.8239768
1650212126.0050325,34.754966735839844,61.0,1.0,0.3348247706890106,1650212126.0050325,1650212140.7079675
1650212141.045057,35.422828674316406,61.0,1.0,0.4109974801540375,1650212141.045057,1650212151.716142
1650212151.9351606,33.17646789550781,61.0,1.0,0.4109974801540375,1650212151.9351606,1650212162.2135303
1650212162.3488758,33.7132568359375,61.0,1.0,0.3880752623081207,1650212162.3488758,1650212174.1839824
1650212174.2555954,34.05603790283203,61.0,1.0,0.3458572328090668,1650212174.2555954,1650212188.0563788
1650212211.3746407,33.556304931640625,60.0,1.0,0.4068942368030548,1650212211.3746407,1650212222.6392896
1650212222.735668,34.617130279541016,60.0,0.8601190447807312,0.3857583701610565,1650212222.735668,1650212234.319528
1650212234.5615852,35.77042007446289,60.0,1.0,0.3886610269546509,1650212234.5615852,1650212246.1633494
1650212246.3533895,35.81442642211914,60.0,1.0,0.33004918694496155,1650212246.3533895,1650212261.1239731
1650212261.3314648,35.60371017456055,60.0,1.0,0.40824830532073975,1650212261.3314648,1650212271.8359883
1650212272.018401,35.7666015625,60.0,1.0,0.41959068179130554,1650212272.018401,1650212282.3912067
1650212282.6141872,31.85200309753418,60.0,1.0,0.3880752623081207,1650212282.6141872,1650212295.0466864
1650212295.45654,35.946197509765625,60.0,1.0,0.4003203809261322,1650212295.45654,1650212306.0278947
1650212306.2568712,36.107704162597656,60.0,1.0,0.40961596369743347,1650212306.2568712,1650212316.947111
1650212317.343749,36.13029098510742,60.0,1.0,0.4029114842414856,1650212317.343749,1650212328.0826602
1650212328.3246858,34.15762710571289,60.0,1.0,0.42796048521995544,1650212328.3246858,1650212338.3663666
1650212338.4795773,35.18246841430664,60.0,1.0,0.41522741317749023,1650212338.4795773,1650212349.2519882
1650212349.5331886,35.51499938964844,60.0,0.9075907468795776,0.40622222423553467,1650212349.5331886,1650212360.3455215
1650212371.5243354,30.45673370361328,61.0,0.9256505370140076,0.43113061785697937,1650212371.5243354,1650212382.523545
1650212382.6934533,33.92945098876953,61.0,0.780415415763855,0.3851855993270874,1650212382.6934533,1650212394.6299865
1650212394.7209792,33.68745803833008,61.0,1.0,0.43274232745170593,1650212394.7209792,1650212404.7543867
1650212404.9468014,33.081939697265625,61.0,1.0,0.41959068179130554,1650212404.9468014,1650212415.3452241
1650212415.4563532,29.903079986572266,61.0,1.0,0.45083481073379517,1650212415.4563532,1650212425.6559715
1650212425.830824,32.931671142578125,61.0,1.0,0.39163023233413696,1650212425.830824,1650212438.129015
1650212438.259276,34.91273498535156,61.0,1.0,0.42033135890960693,1650212438.259276,1650212448.627985
1650212448.8920515,37.12645721435547,61.0,1.0,0.3829197883605957,1650212448.8920515,1650212460.070064
1650212460.2688253,33.10032272338867,61.0,1.0,0.43113061785697937,1650212460.2688253,1650212470.4802063
1650212470.7173746,31.036558151245117,61.0,0.8237179517745972,0.4003203809261322,1650212470.7173746,1650212482.7998998
1650212482.933213,33.563961029052734,61.0,1.0,0.41309618949890137,1650212482.933213,1650212493.807973
1650212493.9702675,32.82215881347656,61.0,1.0,0.42562827467918396,1650212493.9702675,1650212504.4205244
1650212504.6162891,36.7574462890625,61.0,1.0,0.4022589921951294,1650212504.6162891,1650212515.1719737
1650212515.3105261,38.029754638671875,61.0,1.0,0.4048881530761719,1650212515.3105261,1650212525.64454
1650212525.941737,35.43387985229492,61.0,1.0,0.35897907614707947,1650212525.941737,1650212539.0083277
1650212539.2880049,33.17240524291992,61.0,1.0,0.42562827467918396,1650212539.2880049,1650212549.326469
1650212549.475998,35.03852462768555,61.0,1.0,0.4159451723098755,1650212549.475998,1650212559.6362433
1650212559.8821533,33.55113220214844,61.0,1.0,0.3651483654975891,1650212559.8821533,1650212573.2051015
1650212573.3387353,31.52805519104004,61.0,1.0,0.3726779818534851,1650212573.3387353,1650212587.0408175
1650212587.333168,31.440563201904297,61.0,1.0,0.3823595643043518,1650212587.333168,1650212600.4690654
1650212600.5894961,33.793025970458984,61.0,1.0,0.3806934952735901,1650212600.5894961,1650212613.2548306
1650212613.5052557,35.30057907104492,61.0,1.0,0.4048881530761719,1650212613.5052557,1650212624.0999823
1650212624.3507237,33.693363189697266,61.0,1.0,0.40422603487968445,1650212624.3507237,1650212635.777307
1650212636.0990262,32.8006591796875,61.0,0.7861635088920593,0.3965258002281189,1650212636.0990262,1650212648.0195186
1650212648.2266312,35.60249710083008,61.0,1.0,0.3359565734863281,1650212648.2266312,1650212662.8042603
1650212662.9860783,36.30570602416992,61.0,0.7243243455886841,0.36760732531547546,1650212662.9860783,1650212675.1604736
1650212685.6154916,30.713899612426758,60.0,1.0,0.43937477469444275,1650212685.6154916,1650212696.3923712
1650212696.5480494,33.01428985595703,60.0,1.0,0.3651483654975891,1650212696.5480494,1650212710.2693808
1650212710.464577,33.503379821777344,60.0,0.7650602459907532,0.3880752623081207,1650212710.464577,1650212722.493214
1650212722.9240823,32.83146667480469,60.0,1.0,0.42562827467918396,1650212722.9240823,1650212733.9805486
1650212734.1380844,30.21367835998535,60.0,1.0,0.42562827467918396,1650212734.1380844,1650212745.2919729
1650212745.4982126,34.490116119384766,60.0,1.0,0.42562827467918396,1650212745.4982126,1650212755.9359853
1650212756.0720892,31.841320037841797,60.0,1.0,0.4210759699344635,1650212756.0720892,1650212766.6872272
1650212766.832789,30.60415267944336,60.0,0.8733333349227905,0.40824830532073975,1650212766.832789,1650212778.4651976
1650212778.584466,33.46884536743164,60.0,0.8734939694404602,0.3880752623081207,1650212778.584466,1650212790.625515
1650212790.7462187,34.054847717285156,60.0,1.0,0.38984057307243347,1650212790.7462187,1650212802.4919767
1650212802.5960183,38.80788803100586,60.0,1.0,0.3758230209350586,1650212802.5960183,1650212813.7535434
1650212814.090709,36.730682373046875,60.0,0.7641921639442444,0.33040928840637207,1650212814.090709,1650212828.6289635
1650212842.9196916,36.53882598876953,61.0,0.9975845217704773,0.3475240170955658,1650212842.9196916,1650212856.7679744
1650212857.1038928,37.16675567626953,61.0,1.0,0.3904344141483307,1650212857.1038928,1650212868.2159736
1650212868.6457238,36.34402084350586,61.0,1.0,0.35578402876853943,1650212868.6457238,1650212881.5501854
1650212881.6182473,34.01139450073242,61.0,0.7867435216903687,0.3795948028564453,1650212881.6182473,1650212893.5554235
1650212893.7625315,32.54021453857422,61.0,1.0,0.40961596369743347,1650212893.7625315,1650212904.7950342
1650212904.9736147,34.27121353149414,61.0,1.0,0.4048881530761719,1650212904.9736147,1650212915.828206
1650212916.2549572,36.86167907714844,61.0,1.0,0.36369648575782776,1650212916.2549572,1650212928.6255271
1650212928.7048018,33.943790435791016,61.0,1.0,0.4210759699344635,1650212928.7048018,1650212939.0159657
1650212939.1692252,35.63416290283203,61.0,1.0,0.3834824860095978,1650212939.1692252,1650212951.0959826
1650212951.3172646,34.100704193115234,61.0,1.0,0.36131468415260315,1650212951.3172646,1650212964.660098
1650212964.8070369,37.133399963378906,61.0,1.0,0.3952847123146057,1650212964.8070369,1650212975.6328697
1650212975.8242245,31.419105529785156,61.0,0.9215686321258545,0.40422603487968445,1650212975.8242245,1650212987.5050151
1650212987.627384,34.04856872558594,61.0,1.0,0.43113061785697937,1650212987.627384,1650212997.7599688
1650212998.0201614,35.8196907043457,61.0,0.9044944047927856,0.3747658431529999,1650212998.0201614,1650213010.2759898
1650213010.404673,30.475976943969727,61.0,0.8694362044334412,0.3851855993270874,1650213010.404673,1650213023.6610157
1650213023.8065116,32.393333435058594,61.0,1.0,0.4295367896556854,1650213023.8065116,1650213033.9937932
1650213034.19544,32.09421157836914,61.0,1.0,0.43937477469444275,1650213034.19544,1650213044.5399847
1650213044.7312474,33.11054992675781,61.0,1.0,0.3990434408187866,1650213044.7312474,1650213056.0569422
1650213056.3429556,33.19953536987305,61.0,1.0,0.41380295157432556,1650213056.3429556,1650213067.1563604
1650213067.2943685,32.636844635009766,61.0,1.0,0.4303314685821533,1650213067.2943685,1650213077.4056404
1650213077.6492507,35.00568771362305,61.0,1.0,0.40961596369743347,1650213077.6492507,1650213088.1046941
1650213088.3183396,37.790367126464844,61.0,1.0,0.3840476870536804,1650213088.3183396,1650213099.2999744
1650213099.5412116,32.59492492675781,61.0,1.0,0.41239306330680847,1650213099.5412116,1650213110.524516
1650213110.7133331,33.090476989746094,61.0,1.0,0.3946685194969177,1650213110.7133331,1650213122.2876606
1650213122.4421177,32.00347900390625,61.0,1.0,0.3795948028564453,1650213122.4421177,1650213135.5656915
1650213135.7340136,34.24747085571289,61.0,1.0,0.4225771129131317,1650213135.7340136,1650213145.953746
1650213146.1441596,32.94593048095703,61.0,1.0,0.42562827467918396,1650213146.1441596,1650213156.615863
1650213156.7358844,34.90468215942383,61.0,1.0,0.4022589921951294,1650213156.7358844,1650213167.6799753
1650213167.8959846,33.7092170715332,61.0,1.0,0.3922322690486908,1650213167.8959846,1650213179.554517
1650213179.8613687,33.60557174682617,61.0,0.6411042809486389,0.39163023233413696,1650213179.8613687,1650213191.6153715
1650213191.799887,35.91890335083008,61.0,1.0,0.32410186529159546,1650213191.799887,1650213206.5831888
1650213206.7661073,30.8472843170166,61.0,1.0,0.42717882990837097,1650213206.7661073,1650213217.9178183
1650213218.071217,34.6097526550293,61.0,1.0,0.4295367896556854,1650213218.071217,1650213228.1839733
1650213228.402832,31.788774490356445,61.0,1.0,0.3928371071815491,1650213228.402832,1650213240.8915176
1650213241.0652711,33.14093780517578,61.0,1.0,0.4166666567325592,1650213241.0652711,1650213251.927969
1650213252.0218756,29.637832641601562,61.0,1.0,0.44901326298713684,1650213252.0218756,1650213262.245295
1650213262.3247685,35.814910888671875,61.0,1.0,0.41309618949890137,1650213262.3247685,1650213272.5439754
1650213272.6523836,33.237918853759766,61.0,1.0,0.35805743932724,1650213272.6523836,1650213286.7026012
1650213286.8819034,30.018718719482422,61.0,1.0,0.4536091983318329,1650213286.8819034,1650213297.4086688
1650213297.7870774,32.5219841003418,61.0,1.0,0.3566882014274597,1650213297.7870774,1650213312.1465948
1650213312.3145723,33.827510833740234,61.0,0.9675516486167908,0.3840476870536804,1650213312.3145723,1650213324.582693
1650213324.7179923,35.745880126953125,61.0,1.0,0.4035671651363373,1650213324.7179923,1650213335.4045384
1650213335.570608,32.91963577270508,61.0,1.0,0.4029114842414856,1650213335.570608,1650213347.3265102
1650213347.6797795,30.29949188232422,61.0,1.0,0.43937477469444275,1650213347.6797795,1650213357.943978
1650213358.1603482,34.743289947509766,61.0,1.0,0.3959037959575653,1650213358.1603482,1650213369.327972
1650213369.7313383,33.24917221069336,61.0,1.0,0.4109974801540375,1650213369.7313383,1650213380.8293593
1650213381.062032,31.85167694091797,61.0,1.0,0.4481107294559479,1650213381.062032,1650213391.0772033
1650213391.191869,35.907779693603516,61.0,1.0,0.40555354952812195,1650213391.191869,1650213401.8580816
1650213402.0644624,32.643592834472656,61.0,1.0,0.4295367896556854,1650213402.0644624,1650213412.4799821
1650213412.6347802,32.52580642700195,61.0,0.8558282256126404,0.39163023233413696,1650213412.6347802,1650213425.0864308
1650213425.2462604,35.366397857666016,61.0,1.0,0.42796048521995544,1650213425.2462604,1650213435.4536893
1650213435.5538692,30.997875213623047,61.0,1.0,0.4402254521846771,1650213435.5538692,1650213445.973938
1650213446.3840158,35.35383605957031,61.0,1.0,0.3928371071815491,1650213446.3840158,1650213457.6982048
1650213457.8196054,36.68163299560547,61.0,1.0,0.40622222423553467,1650213457.8196054,1650213467.9881823
1650213468.2662299,34.16062545776367,61.0,0.8053097128868103,0.3840476870536804,1650213468.2662299,1650213479.7999763
1650213479.9331782,33.98049545288086,61.0,1.0,0.41959068179130554,1650213479.9331782,1650213490.498062
1650213490.7261941,33.01735305786133,61.0,0.960629940032959,0.3622617721557617,1650213490.7261941,1650213504.6279755
1650213504.8958347,34.173561096191406,61.0,1.0,0.33407655358314514,1650213504.8958347,1650213520.053752
1650213520.2689157,35.12288284301758,61.0,1.0,0.41522741317749023,1650213520.2689157,1650213530.6325295
1650213530.8089015,36.00965118408203,61.0,1.0,0.3801429569721222,1650213530.8089015,1650213542.527982
1650213542.6049554,29.43670082092285,61.0,1.0,0.4445542097091675,1650213542.6049554,1650213553.2039692
1650213553.40583,34.10878372192383,61.0,1.0,0.42485928535461426,1650213553.40583,1650213563.8137062
1650213564.0425837,30.563804626464844,61.0,1.0,0.42796048521995544,1650213564.0425837,1650213575.0359793
1650213575.1780527,33.410404205322266,61.0,0.8309037685394287,0.3818017840385437,1650213575.1780527,1650213587.539471
1650213587.7073734,34.11293029785156,61.0,1.0,0.4035671651363373,1650213587.7073734,1650213598.8175302
1650213599.000712,32.25205993652344,61.0,1.0,0.4048881530761719,1650213599.000712,1650213610.6278758
1650213610.762575,35.08161544799805,61.0,1.0,0.40422603487968445,1650213610.762575,1650213621.9650238
1650213622.1240196,30.86626625061035,61.0,0.7129337787628174,0.3971507251262665,1650213622.1240196,1650213634.4999897
1650213634.7968209,31.421531677246094,61.0,0.867986798286438,0.40622222423553467,1650213634.7968209,1650213646.6358366
1650213646.8333948,34.536922454833984,61.0,1.0,0.37796446681022644,1650213646.8333948,1650213658.8495207
1650213659.071449,32.17302703857422,61.0,0.938906729221344,0.4009634554386139,1650213659.071449,1650213670.4785202
1650213670.5982034,32.51816940307617,61.0,0.8580645322799683,0.4016096591949463,1650213670.5982034,1650213682.2839777
1650213682.5225935,30.58936309814453,61.0,1.0,0.43852901458740234,1650213682.5225935,1650213693.5068042
1650213693.6728146,32.844234466552734,61.0,1.0,0.43602073192596436,1650213693.6728146,1650213704.0856016
1650213704.3274784,34.40671920776367,61.0,1.0,0.42717882990837097,1650213704.3274784,1650213714.6161659
1650213714.9651966,35.37247085571289,61.0,1.0,0.37216147780418396,1650213714.9651966,1650213727.375978
1650213727.4915738,34.441864013671875,61.0,1.0,0.41451334953308105,1650213727.4915738,1650213737.9439697
1650213738.0737882,33.72282409667969,61.0,1.0,0.41451334953308105,1650213738.0737882,1650213748.1559806
1650213748.364097,34.684837341308594,61.0,1.0,0.41309618949890137,1650213748.364097,1650213758.800934
1650213758.9487526,32.81412124633789,61.0,0.8419354557991028,0.4016096591949463,1650213758.9487526,1650213770.7119803
1650213770.8189979,32.4114875793457,61.0,0.9942693114280701,0.3785055875778198,1650213770.8189979,1650213783.777366
1650213783.9193115,32.06623077392578,61.0,1.0,0.4445542097091675,1650213783.9193115,1650213794.4599957
1650213794.6252196,37.21710205078125,61.0,1.0,0.3874921202659607,1650213794.6252196,1650213805.6147912
1650213805.7930155,33.254268646240234,61.0,1.0,0.36760732531547546,1650213805.7930155,1650213818.874043
1650213819.1081421,35.10307312011719,61.0,0.7861445546150208,0.3880752623081207,1650213819.1081421,1650213830.5886183
1650213830.7523916,35.020084381103516,61.0,1.0,0.4089304208755493,1650213830.7523916,1650213841.431978
1650213841.6071382,32.816837310791016,61.0,1.0,0.37796446681022644,1650213841.6071382,1650213854.6187518
1650213854.8980594,31.008283615112305,61.0,0.8566666841506958,0.40824830532073975,1650213854.8980594,1650213866.6691077
1650213866.7925463,30.603260040283203,61.0,1.0,0.4225771129131317,1650213866.7925463,1650213877.8697972
1650213878.001256,33.51918029785156,61.0,0.9504950642585754,0.40622222423553467,1650213878.001256,1650213889.1888802
1650213889.3984728,34.913631439208984,61.0,1.0,0.3904344141483307,1650213889.3984728,1650213900.9125996
1650213901.0331163,32.9424934387207,61.0,0.6867470145225525,0.3471050560474396,1650213901.0331163,1650213915.4825382
1650213915.7277799,33.875858306884766,61.0,0.9259259104728699,0.36369648575782776,1650213915.7277799,1650213928.8639777
1650213929.0544443,32.51367950439453,61.0,1.0,0.39777863025665283,1650213929.0544443,1650213940.926371
1650213941.0394657,33.71039581298828,61.0,1.0,0.4075695872306824,1650213941.0394657,1650213951.955979
1650213952.1549454,32.39899826049805,61.0,1.0,0.42874646186828613,1650213952.1549454,1650213962.4021754
1650213962.574646,35.472984313964844,61.0,1.0,0.3840476870536804,1650213962.574646,1650213974.0199757
1650213974.1793835,35.969810485839844,61.0,0.8515625,0.3608439266681671,1650213974.1793835,1650213986.717676
1650213986.8695064,29.007970809936523,61.0,0.8295819759368896,0.4009634554386139,1650213986.8695064,1650213999.9004073
1650214000.0458992,33.19015884399414,61.0,1.0,0.40961596369743347,1650214000.0458992,1650214010.7719707
1650214011.0607443,30.235761642456055,61.0,1.0,0.4210759699344635,1650214011.0607443,1650214022.6695142
1650214022.7750192,28.717966079711914,61.0,1.0,0.4419417381286621,1650214022.7750192,1650214034.0919766
1650214034.2516365,30.507665634155273,61.0,1.0,0.43113061785697937,1650214034.2516365,1650214045.0358112
1650214045.3030481,32.2186279296875,61.0,1.0,0.39777863025665283,1650214045.3030481,1650214057.0974674
1650214057.2177038,31.49818229675293,61.0,1.0,0.4233337640762329,1650214057.2177038,1650214068.0119774
1650214068.1769745,33.75493240356445,61.0,0.9529780745506287,0.3959037959575653,1650214068.1769745,1650214079.878968
1650214080.2471201,33.18779754638672,61.0,1.0,0.3834824860095978,1650214080.2471201,1650214092.390138
1650214092.5323958,34.05693817138672,61.0,0.8141809105873108,0.3496417999267578,1650214092.5323958,1650214106.8319786
1650214107.2854664,32.75795364379883,61.0,1.0,0.33296358585357666,1650214107.2854664,1650214123.3121083
1650214123.4523423,34.14683532714844,61.0,1.0,0.41380295157432556,1650214123.4523423,1650214133.7900503
1650214134.0965703,30.922868728637695,61.0,1.0,0.44543540477752686,1650214134.0965703,1650214144.3802216
1650214144.462193,32.256011962890625,61.0,1.0,0.3840476870536804,1650214144.462193,1650214156.83198
1650214157.02784,35.53828430175781,61.0,1.0,0.4029114842414856,1650214157.02784,1650214167.6079795
1650214167.8521392,33.57902908325195,61.0,1.0,0.41309618949890137,1650214167.8521392,1650214178.7517996
1650214178.9181206,34.453861236572266,61.0,1.0,0.37904903292655945,1650214178.9181206,1650214191.13736
1650214191.314806,35.20524978637695,61.0,1.0,0.3922322690486908,1650214191.314806,1650214202.3358898
1650214202.617431,34.37717819213867,61.0,1.0,0.3874921202659607,1650214202.617431,1650214214.2239683
1650214214.3616982,32.42035675048828,61.0,1.0,0.4029114842414856,1650214214.3616982,1650214225.8359709
1650214226.0525863,34.351314544677734,61.0,0.8447837233543396,0.3566882014274597,1650214226.0525863,1650214239.560075
1650214239.8470054,34.19961166381836,61.0,1.0,0.4016096591949463,1650214239.8470054,1650214250.8705218
1650214251.084562,34.373538970947266,61.0,1.0,0.39840954542160034,1650214251.084562,1650214262.430499
1650214262.5703886,33.41988754272461,61.0,1.0,0.3959037959575653,1650214262.5703886,1650214274.0904748
1650214274.3104696,32.49919128417969,61.0,1.0,0.38984057307243347,1650214274.3104696,1650214286.7107778
1650214287.1766822,33.348785400390625,61.0,1.0,0.4295367896556854,1650214287.1766822,1650214297.3119838
1650214297.4860215,35.18119812011719,61.0,1.0,0.4035671651363373,1650214297.4860215,1650214308.2872453
1650214308.4047606,33.30561447143555,61.0,0.7478005886077881,0.3829197883605957,1650214308.4047606,1650214321.0752974
1650214321.34247,33.76521682739258,61.0,1.0,0.4335549771785736,1650214321.34247,1650214331.589702
1650214331.8160374,33.66558837890625,61.0,1.0,0.3946685194969177,1650214331.8160374,1650214343.4599743
1650214343.7273297,32.29344177246094,61.0,1.0,0.4016096591949463,1650214343.7273297,1650214355.2466965
1650214355.3655195,31.49018096923828,61.0,1.0,0.41522741317749023,1650214355.3655195,1650214366.6706307
1650214366.820594,32.714820861816406,61.0,1.0,0.3922322690486908,1650214366.820594,1650214378.6195273
1650214378.7318816,34.28921890258789,61.0,0.9966216087341309,0.4109974801540375,1650214378.7318816,1650214389.6974273
1650214389.8285873,34.13752746582031,61.0,0.6595174074172974,0.36612600088119507,1650214389.8285873,1650214402.9519753
1650214403.1654115,34.698814392089844,61.0,1.0,0.3990434408187866,1650214403.1654115,1650214414.0879745
1650214414.241444,34.73305892944336,61.0,1.0,0.3806934952735901,1650214414.241444,1650214426.5352073
1650214426.6338,33.38468551635742,61.0,1.0,0.43768811225891113,1650214426.6338,1650214436.9079716
1650214437.0957103,33.23866271972656,61.0,1.0,0.3904344141483307,1650214437.0957103,1650214449.1599748
1650214449.33454,31.03313446044922,61.0,1.0,0.43937477469444275,1650214449.33454,1650214459.9038882
1650214460.0802093,32.765987396240234,61.0,1.0,0.3934447467327118,1650214460.0802093,1650214471.5555232
1650214471.6967845,36.93365478515625,61.0,1.0,0.4210759699344635,1650214471.6967845,1650214481.795975
1650214481.8788748,31.90540313720703,61.0,1.0,0.42717882990837097,1650214481.8788748,1650214492.3159783
1650214492.5280335,33.92391586303711,61.0,1.0,0.42717882990837097,1650214492.5280335,1650214502.9336722
1650214503.093984,33.82675552368164,61.0,0.7445482611656189,0.3946685194969177,1650214503.093984,1650214514.9780679
1650214515.11783,32.38766860961914,61.0,1.0,0.4402254521846771,1650214515.11783,1650214525.3686452
1650214525.5137718,34.52191925048828,61.0,1.0,0.40622222423553467,1650214525.5137718,1650214536.6371388
1650214536.9123096,35.71531677246094,61.0,1.0,0.39840954542160034,1650214536.9123096,1650214547.8319943
1650214548.0820298,34.993221282958984,61.0,1.0,0.3706246614456177,1650214548.0820298,1650214560.2272387
1650214560.4235811,34.338138580322266,61.0,1.0,0.41959068179130554,1650214560.4235811,1650214570.7036955
1650214570.8220344,30.702350616455078,61.0,1.0,0.42874646186828613,1650214570.8220344,1650214581.8309636
1650214581.962701,32.04311752319336,61.0,0.7317073345184326,0.36810508370399475,1650214581.962701,1650214595.5693676
1650214595.7681305,39.785423278808594,61.0,0.9147727489471436,0.376889169216156,1650214595.7681305,1650214606.8777275
1650214607.018077,41.211727142333984,61.0,1.0,0.3752933144569397,1650214607.018077,1650214617.8159745
1650214618.0065963,39.73838424682617,61.0,0.73209547996521,0.36417850852012634,1650214618.0065963,1650214629.5319765
1650214629.665486,41.09797668457031,61.0,1.0,0.3829197883605957,1650214629.665486,1650214639.8119707
1650214640.0741482,40.235267639160156,61.0,1.0,0.3851855993270874,1650214640.0741482,1650214650.43819
1650214650.6631901,37.70643615722656,61.0,0.9943820238113403,0.3747658431529999,1650214650.6631901,1650214662.1731617
1650214662.3219306,39.06266784667969,61.0,0.9396551847457886,0.37904903292655945,1650214662.3219306,1650214673.1506846
1650214673.2486343,36.79115295410156,61.0,1.0,0.4048881530761719,1650214673.2486343,1650214683.5772045
1650214683.8755846,38.13413619995117,61.0,1.0,0.39968037605285645,1650214683.8755846,1650214694.0239725
1650214694.1562605,32.632057189941406,61.0,1.0,0.4295367896556854,1650214694.1562605,1650214704.6367526
1650214704.818663,35.22895812988281,61.0,1.0,0.4166666567325592,1650214704.818663,1650214714.9239857
1650214715.0350354,38.78767395019531,61.0,1.0,0.40824830532073975,1650214715.0350354,1650214725.063995
1650214725.1987169,36.04949188232422,61.0,1.0,0.3585173785686493,1650214725.1987169,1650214737.6538157
1650214737.8657513,37.01210021972656,61.0,1.0,0.4103049635887146,1650214737.8657513,1650214748.375828
1650214748.7243114,37.29055404663086,61.0,1.0,0.3952847123146057,1650214748.7243114,1650214759.4508884
1650214759.585316,33.176570892333984,61.0,0.5342163443565369,0.3322277367115021,1650214759.585316,1650214775.1686013
1650214775.4242418,35.10280227661133,61.0,1.0,0.39840954542160034,1650214775.4242418,1650214786.47749
1650214786.80352,37.34107208251953,61.0,1.0,0.4109974801540375,1650214786.80352,1650214796.9799824
1650214797.1122355,36.43626403808594,61.0,0.9285714030265808,0.39405521750450134,1650214797.1122355,1650214808.0079741
1650214808.1506975,35.37044143676758,61.0,1.0,0.38691163063049316,1650214808.1506975,1650214819.6857529
1650214820.092232,39.29368209838867,61.0,1.0,0.39777863025665283,1650214820.092232,1650214830.2719853
1650214830.643766,34.99209213256836,61.0,1.0,0.4029114842414856,1650214830.643766,1650214841.7319856
1650214841.9272985,32.73945617675781,61.0,1.0,0.3934447467327118,1650214841.9272985,1650214853.7478976
1650214853.8850973,37.26051330566406,61.0,1.0,0.4159451723098755,1650214853.8850973,1650214864.0298848
1650214864.1580715,33.53620529174805,61.0,1.0,0.42640143632888794,1650214864.1580715,1650214874.296368
1650214874.4716463,36.21067428588867,61.0,1.0,0.3874921202659607,1650214874.4716463,1650214885.959972
1650214886.0854213,32.394432067871094,61.0,0.9184952974319458,0.3959037959575653,1650214886.0854213,1650214897.784963
1650214898.1640902,36.43112564086914,61.0,1.0,0.4103049635887146,1650214898.1640902,1650214908.402588
1650214908.6798458,32.8289909362793,61.0,0.801857590675354,0.3934447467327118,1650214908.6798458,1650214920.6509728
1650214920.7692204,36.67473220825195,61.0,1.0,0.41522741317749023,1650214920.7692204,1650214931.3759778
1650214931.5235207,35.752342224121094,61.0,0.7880299091339111,0.35311228036880493,1650214931.5235207,1650214944.8932748
1650214945.0068762,35.77487564086914,61.0,0.6004366874694824,0.33040928840637207,1650214945.0068762,1650214960.045363
1650214960.293619,32.99952697753906,61.0,0.8179271817207336,0.37424060702323914,1650214960.293619,1650214973.1119838
1650214973.2606738,34.31766128540039,61.0,0.6623711585998535,0.35897907614707947,1650214973.2606738,1650214986.6648505
1650214986.845134,32.76622772216797,61.0,0.9095890522003174,0.37011659145355225,1650214986.845134,1650214999.9073644
1650215000.1104221,34.944217681884766,61.0,1.0,0.39163023233413696,1650215000.1104221,1650215011.2710674
1650215011.3933926,36.0962028503418,61.0,1.0,0.3535533845424652,1650215011.3933926,1650215024.7743013
1650215024.9006746,34.19363784790039,61.0,1.0,0.42182454466819763,1650215024.9006746,1650215035.3119686
1650215035.5580313,34.861759185791016,61.0,1.0,0.4035671651363373,1650215035.5580313,1650215046.5442815
1650215046.7686799,34.25770568847656,61.0,1.0,0.4103049635887146,1650215046.7686799,1650215057.5399787
1650215057.6854622,34.94606018066406,61.0,0.7920227646827698,0.3774256706237793,1650215057.6854622,1650215069.5322912
1650215069.717119,31.848175048828125,61.0,1.0,0.4402254521846771,1650215069.717119,1650215080.0159824
1650215080.103528,33.71041488647461,61.0,0.7183544039726257,0.39777863025665283,1650215080.103528,1650215091.7319818
1650215092.011861,31.98197364807129,61.0,0.7820512652397156,0.4003203809261322,1650215092.011861,1650215103.9560893
1650215104.181091,33.46738052368164,61.0,1.0,0.4343722462654114,1650215104.181091,1650215114.7884345
1650215115.0770614,32.91357421875,61.0,1.0,0.3971507251262665,1650215115.0770614,1650215126.9262764
1650215127.224143,32.552207946777344,61.0,1.0,0.41309618949890137,1650215127.224143,1650215138.4676204
1650215138.7101178,34.4052734375,61.0,1.0,0.39777863025665283,1650215138.7101178,1650215150.2199817
1650215150.5753129,31.73286247253418,61.0,1.0,0.43768811225891113,1650215150.5753129,1650215160.627983
1650215160.7666266,32.46589279174805,61.0,1.0,0.42409446835517883,1650215160.7666266,1650215171.7319808
1650215172.029048,36.683677673339844,61.0,0.7467362880706787,0.36131468415260315,1650215172.029048,1650215184.6232052
1650215184.8026755,35.934844970703125,61.0,1.0,0.41451334953308105,1650215184.8026755,1650215195.0712602
1650215195.343318,34.03486633300781,61.0,1.0,0.4116934835910797,1650215195.343318,1650215206.302668
1650215206.4218063,29.52948760986328,61.0,0.8754448294639587,0.42182454466819763,1650215206.4218063,1650215217.8679922
1650215218.0037358,31.339599609375,61.0,1.0,0.4233337640762329,1650215218.0037358,1650215228.8845387
1650215229.0367222,34.05681228637695,61.0,0.8037974834442139,0.39777863025665283,1650215229.0367222,1650215240.6349885
1650215240.8478518,31.614456176757812,61.0,0.9316770434379578,0.39405521750450134,1650215240.8478518,1650215253.1839802
1650215253.36178,32.26899337768555,61.0,0.9895833134651184,0.4166666567325592,1650215253.36178,1650215264.5799797
1650215264.6836174,31.99262809753418,61.0,0.8081395626068115,0.381246417760849,1650215264.6836174,1650215277.1239836
1650215277.3526988,33.607967376708984,61.0,1.0,0.4116934835910797,1650215277.3526988,1650215288.540522
1650215288.6217067,31.645105361938477,61.0,1.0,0.4068942368030548,1650215288.6217067,1650215300.1874762
1650215300.3431115,31.252197265625,61.0,1.0,0.4303314685821533,1650215300.3431115,1650215311.0943553
1650215311.3367512,34.80064010620117,61.0,1.0,0.4075695872306824,1650215311.3367512,1650215322.0549445
1650215322.2711997,34.539188385009766,61.0,0.7027027010917664,0.36760732531547546,1650215322.2711997,1650215334.8076842
1650215334.9643335,38.517276763916016,61.0,1.0,0.386333703994751,1650215334.9643335,1650215345.6608324
1650215345.9903688,35.89678955078125,61.0,1.0,0.39405521750450134,1650215345.9903688,1650215356.6319885
1650215356.759074,32.28193283081055,61.0,1.0,0.4319342076778412,1650215356.759074,1650215367.1983497
1650215367.4340997,32.890350341796875,61.0,1.0,0.35759925842285156,1650215367.4340997,1650215381.5719845
1650215381.8062444,36.70669174194336,61.0,0.9886685609817505,0.37635496258735657,1650215381.8062444,1650215393.5479732
1650215393.7454808,34.75102233886719,61.0,1.0,0.41309618949890137,1650215393.7454808,1650215404.0473363
1650215404.1413305,36.087135314941406,61.0,1.0,0.41739192605018616,1650215404.1413305,1650215414.6159775
1650215414.7556608,33.07932662963867,61.0,1.0,0.41812101006507874,1650215414.7556608,1650215425.8199735
1650215425.9908178,31.277223587036133,61.0,0.7454545497894287,0.3892494738101959,1650215425.9908178,1650215438.427983
1650215438.6316133,34.63238525390625,61.0,0.7636363506317139,0.3892494738101959,1650215438.6316133,1650215450.4413683
1650215450.7216537,37.23011016845703,61.0,0.7128309607505798,0.3191128373146057,1650215450.7216537,1650215465.7095227
1650215465.8347232,33.81939697265625,61.0,1.0,0.42640143632888794,1650215465.8347232,1650215476.035969
1650215476.177541,34.05303192138672,61.0,1.0,0.42409446835517883,1650215476.177541,1650215486.2794316
1650215486.4046748,37.08515167236328,61.0,1.0,0.39777863025665283,1650215486.4046748,1650215496.9479775
1650215497.0948508,35.374855041503906,61.0,1.0,0.3487900495529175,1650215497.0948508,1650215510.8899608
1650215511.1336427,33.0109977722168,61.0,1.0,0.41812101006507874,1650215511.1336427,1650215521.948221
1650215522.1158667,35.545738220214844,61.0,0.7701149582862854,0.33903175592422485,1650215522.1158667,1650215536.5479767
1650215536.83041,32.48614501953125,61.0,1.0,0.40422603487968445,1650215536.83041,1650215548.004404
1650215548.0844471,34.04255294799805,61.0,1.0,0.4003203809261322,1650215548.0844471,1650215559.4231977
1650215559.5829523,33.89990997314453,61.0,1.0,0.42033135890960693,1650215559.5829523,1650215569.75997
1650215569.857108,31.405658721923828,61.0,1.0,0.42640143632888794,1650215569.857108,1650215580.5239758
1650215580.816621,33.30205154418945,61.0,1.0,0.3922322690486908,1650215580.816621,1650215592.4975832
1650215592.6401415,34.87153244018555,61.0,1.0,0.3726779818534851,1650215592.6401415,1650215604.7417037
1650215605.238296,37.397804260253906,61.0,1.0,0.3337043225765228,1650215605.238296,1650215619.597428
1650215619.9191847,33.54225540161133,61.0,1.0,0.41451334953308105,1650215619.9191847,1650215630.4134102
1650215630.883907,38.645652770996094,61.0,1.0,0.3965258002281189,1650215630.883907,1650215641.3119879
1650215641.4587827,36.42279052734375,61.0,1.0,0.41522741317749023,1650215641.4587827,1650215651.6172574
1650215651.759685,30.924287796020508,61.0,0.4690265357494354,0.3325950503349304,1650215651.759685,1650215668.348588
1650215668.5303078,38.03668212890625,61.0,1.0,0.3785055875778198,1650215668.5303078,1650215679.4145384
1650215679.7818305,37.55059814453125,61.0,1.0,0.3840476870536804,1650215679.7818305,1650215690.4341247
1650215690.7299628,33.39356231689453,61.0,1.0,0.39405521750450134,1650215690.7299628,1650215702.498698
1650215703.091531,32.90068435668945,61.0,1.0,0.41885390877723694,1650215703.091531,1650215713.9119742
1650215714.1833463,31.429006576538086,61.0,0.9071207642555237,0.3934447467327118,1650215714.1833463,1650215726.624083
1650215726.9157417,34.152034759521484,61.0,0.8571428656578064,0.36369648575782776,1650215726.9157417,1650215740.2385206
1650215740.5419793,35.14595413208008,61.0,1.0,0.359907865524292,1650215740.5419793,1650215753.7725213
1650215754.2562811,36.98088073730469,61.0,1.0,0.40622222423553467,1650215754.2562811,1650215764.6400256
1650215764.8454554,34.02397537231445,61.0,1.0,0.42640143632888794,1650215764.8454554,1650215774.9559724
1650215775.1829827,32.640960693359375,61.0,1.0,0.33981382846832275,1650215775.1829827,1650215790.3479776
1650215790.5814497,34.68239212036133,61.0,1.0,0.3207501471042633,1650215790.5814497,1650215806.727972
1650215806.9282165,31.582897186279297,61.0,1.0,0.43852901458740234,1650215806.9282165,1650215817.0602827
1650215817.2108135,34.282203674316406,61.0,1.0,0.3922322690486908,1650215817.2108135,1650215828.6161485
1650215828.8775153,33.835575103759766,61.0,0.6748166084289551,0.3496417999267578,1650215828.8775153,1650215843.4479785
1650215843.6476486,33.48369598388672,61.0,0.5504807829856873,0.3466876149177551,1650215843.6476486,1650215858.341367
1650215858.4673886,35.618770599365234,61.0,0.7540983557701111,0.36961063742637634,1650215858.4673886,1650215870.6519754
1650215870.8313816,35.2265739440918,61.0,1.0,0.39840954542160034,1650215870.8313816,1650215881.618692
1650215881.9215155,35.90684509277344,61.0,1.0,0.36961063742637634,1650215881.9215155,1650215894.1754467
1650215894.2657743,32.83653259277344,61.0,1.0,0.3892494738101959,1650215894.2657743,1650215906.3559673
1650215906.4809678,33.7242431640625,61.0,0.7692307829856873,0.38461539149284363,1650215906.4809678,1650215918.7273512
1650215918.9989219,33.456729888916016,61.0,0.9407665729522705,0.41739192605018616,1650215918.9989219,1650215929.5199745
1650215929.6812441,29.98641586303711,61.0,1.0,0.3928371071815491,1650215929.6812441,1650215942.6537852
1650215942.8719385,35.424320220947266,61.0,1.0,0.3566882014274597,1650215942.8719385,1650215955.687992
1650215955.953744,33.74604797363281,61.0,1.0,0.4295367896556854,1650215955.953744,1650215966.1475306
1650215966.2631664,32.72704315185547,61.0,0.6940298676490784,0.352672815322876,1650215966.2631664,1650215980.7160451
1650215980.9874122,34.58147430419922,61.0,1.0,0.42874646186828613,1650215980.9874122,1650215991.0795212
1650215991.45736,36.26310729980469,61.0,1.0,0.3965258002281189,1650215991.45736,1650216002.4327023
1650216002.6053982,34.36874008178711,61.0,1.0,0.41885390877723694,1650216002.6053982,1650216012.759975
1650216012.881234,34.021121978759766,61.0,1.0,0.39968037605285645,1650216012.881234,1650216023.9919791
1650216038.9399958,35.80125427246094,61.0,1.0,0.38461539149284363,1650216038.9399958,1650216050.4479723
1650216050.876076,33.43988037109375,61.0,1.0,0.42640143632888794,1650216050.876076,1650216061.3725247
1650216061.564972,33.13556671142578,61.0,1.0,0.3801429569721222,1650216061.564972,1650216074.0892787
1650216074.2697685,34.76569366455078,61.0,1.0,0.4009634554386139,1650216074.2697685,1650216085.5452518
1650216085.6472757,30.45117950439453,61.0,1.0,0.42562827467918396,1650216085.6472757,1650216096.8455286
1650216097.021334,32.77640914916992,61.0,0.6423529386520386,0.34299716353416443,1650216097.021334,1650216112.0626397
1650216112.4141505,34.463809967041016,61.0,1.0,0.35897907614707947,1650216112.4141505,1650216125.5293581
1650216125.7096095,32.53412628173828,61.0,0.9885386824607849,0.3785055875778198,1650216125.7096095,1650216138.4039729
1650216138.5050864,31.496986389160156,61.0,0.747826099395752,0.3806934952735901,1650216138.5050864,1650216151.5222044
1650216151.7923267,35.16394805908203,61.0,0.6534653306007385,0.35179877281188965,1650216151.7923267,1650216165.641738
1650216166.3084445,36.251129150390625,61.0,1.0,0.38984057307243347,1650216166.3084445,1650216176.9839742
1650216177.2248557,33.342159271240234,61.0,1.0,0.4035671651363373,1650216177.2248557,1650216188.1119726
1650216188.2855139,31.490724563598633,61.0,1.0,0.43768811225891113,1650216188.2855139,1650216198.3519702
1650216198.922727,34.978843688964844,61.0,1.0,0.37113481760025024,1650216198.922727,1650216211.2730496
1650216211.6255007,30.529945373535156,61.0,1.0,0.43602073192596436,1650216211.6255007,1650216222.1725225
1650216222.35879,33.017066955566406,61.0,1.0,0.4233337640762329,1650216222.35879,1650216232.6262069
1650216232.8921323,33.04554748535156,61.0,0.5409836173057556,0.34219294786453247,1650216232.8921323,1650216247.7806737
1650216248.1009386,31.999130249023438,61.0,1.0,0.44632184505462646,1650216248.1009386,1650216258.132461
1650216258.3305533,34.60923385620117,61.0,1.0,0.3706246614456177,1650216258.3305533,1650216270.812771
1650216270.9226842,32.36301803588867,61.0,1.0,0.41959068179130554,1650216270.9226842,1650216281.7683976
1650216281.9218342,34.11503601074219,61.0,1.0,0.4016096591949463,1650216281.9218342,1650216293.177868
1650216293.3372276,34.5429801940918,61.0,1.0,0.4022589921951294,1650216293.3372276,1650216304.6275094
1650216304.899716,33.78823471069336,61.0,1.0,0.43274232745170593,1650216304.899716,1650216314.9919865
1650216315.331219,35.80849075317383,61.0,1.0,0.4016096591949463,1650216315.331219,1650216325.9153004
1650216326.369695,33.43587112426758,61.0,1.0,0.39405521750450134,1650216326.369695,1650216338.6319742
1650216338.870372,34.455501556396484,61.0,1.0,0.3952847123146057,1650216338.870372,1650216349.7829978
1650216360.2701116,32.040401458740234,61.0,1.0,0.43937477469444275,1650216360.2701116,1650216370.4759765
1650216370.9861255,35.17207336425781,61.0,1.0,0.4166666567325592,1650216370.9861255,1650216381.1646554
1650216381.3156135,34.43163299560547,61.0,1.0,0.42409446835517883,1650216381.3156135,1650216391.6839862
1650216391.848946,33.68565368652344,61.0,1.0,0.42874646186828613,1650216391.848946,1650216402.0906947
1650216402.2786932,38.57339096069336,61.0,1.0,0.3952847123146057,1650216402.2786932,1650216412.518913
1650216412.6314664,34.27726745605469,61.0,1.0,0.4343722462654114,1650216412.6314664,1650216422.783968
1650216422.943968,33.18107604980469,61.0,1.0,0.4319342076778412,1650216422.943968,1650216433.1003597
1650216433.306027,35.33198165893555,61.0,1.0,0.41239306330680847,1650216433.306027,1650216443.7215202
1650216443.9666839,34.321624755859375,61.0,1.0,0.41451334953308105,1650216443.9666839,1650216454.6596506
1650216454.7820163,33.89786911010742,61.0,0.75,0.3608439266681671,1650216454.7820163,1650216468.26369
1650216468.428876,36.581321716308594,61.0,1.0,0.4022589921951294,1650216468.428876,1650216479.008045
1650216479.1721582,35.385658264160156,61.0,1.0,0.3747658431529999,1650216479.1721582,1650216491.210934
1650216491.4263456,28.84154510498047,61.0,1.0,0.4662524163722992,1650216491.4263456,1650216501.6199741
1650216501.8281815,33.54163360595703,61.0,1.0,0.42717882990837097,1650216501.8281815,1650216511.90521
1650216512.0541537,35.53363800048828,61.0,1.0,0.3886610269546509,1650216512.0541537,1650216523.5643737
1650216523.7632697,36.413795471191406,61.0,1.0,0.3946685194969177,1650216523.7632697,1650216534.6931932
1650216534.8814938,36.1893310546875,61.0,1.0,0.3946685194969177,1650216534.8814938,1650216545.6305187
1650216545.9912827,32.7430419921875,61.0,1.0,0.41739192605018616,1650216545.9912827,1650216557.0165262
1650216557.1899483,32.57025909423828,61.0,0.9383561611175537,0.41380295157432556,1650216557.1899483,1650216568.1201656
1650216568.364207,31.962265014648438,61.0,1.0,0.3990434408187866,1650216568.364207,1650216580.4722352
1650216580.6277003,33.55559539794922,61.0,1.0,0.4075695872306824,1650216580.6277003,1650216591.683978
1650216591.8420794,33.78728103637695,61.0,1.0,0.3646624684333801,1650216591.8420794,1650216604.805537
1650216604.9805062,35.65140914916992,61.0,1.0,0.3747658431529999,1650216604.9805062,1650216617.1819868
1650216617.3816411,36.77412414550781,61.0,1.0,0.39777863025665283,1650216617.3816411,1650216628.0141175
1650216628.1544304,33.90422058105469,61.0,0.9070512652397156,0.4003203809261322,1650216628.1544304,1650216639.5984335
1650216639.7888935,32.792720794677734,61.0,0.8675078749656677,0.3971507251262665,1650216639.7888935,1650216651.4683151
1650216651.5973344,35.81768798828125,61.0,1.0,0.4116934835910797,1650216651.5973344,1650216661.7319922
1650216661.8889627,34.850250244140625,61.0,1.0,0.37796446681022644,1650216661.8889627,1650216673.9692197
1650216674.2092893,33.00600814819336,61.0,1.0,0.4109974801540375,1650216674.2092893,1650216685.4799645
1650216685.716725,29.135265350341797,61.0,1.0,0.3959037959575653,1650216685.716725,1650216698.9309516
1650216699.1207724,32.533573150634766,61.0,1.0,0.4103049635887146,1650216699.1207724,1650216710.1555274
1650216710.3464046,31.914142608642578,61.0,0.9745222926139832,0.3990434408187866,1650216710.3464046,1650216722.0966814
1650216722.173588,31.272994995117188,61.0,1.0,0.44367825984954834,1650216722.173588,1650216732.5339644
1650216732.8843343,34.39585876464844,61.0,1.0,0.42409446835517883,1650216732.8843343,1650216743.0599778
1650216743.20858,35.06572723388672,61.0,1.0,0.3971507251262665,1650216743.20858,1650216754.3875873
1650216754.6057446,31.836034774780273,61.0,1.0,0.43519413471221924,1650216754.6057446,1650216764.908535
1650216765.1072488,33.98070526123047,61.0,1.0,0.4116934835910797,1650216765.1072488,1650216776.0840669
1650216776.3234415,35.33679962158203,61.0,1.0,0.4103049635887146,1650216776.3234415,1650216786.7658138
1650216787.0624542,34.017974853515625,61.0,1.0,0.42640143632888794,1650216787.0624542,1650216797.1453593
1650216797.2969458,37.018245697021484,61.0,1.0,0.4022589921951294,1650216797.2969458,1650216807.7242365
1650216807.9243505,33.220924377441406,61.0,1.0,0.44108107686042786,1650216807.9243505,1650216818.008357
1650216818.1087022,33.94793701171875,61.0,1.0,0.41309618949890137,1650216818.1087022,1650216829.0077443
1650216829.1147585,30.723554611206055,61.0,1.0,0.4536091983318329,1650216829.1147585,1650216839.1721888
1650216839.2942061,30.97923469543457,61.0,1.0,0.41885390877723694,1650216839.2942061,1650216850.3984187
1650216850.557722,30.987531661987305,61.0,1.0,0.43768811225891113,1650216850.557722,1650216861.3685222
1650216861.524269,32.11178970336914,61.0,1.0,0.42409446835517883,1650216861.524269,1650216872.4236925
1650216872.5796509,30.74985122680664,61.0,1.0,0.4445542097091675,1650216872.5796509,1650216882.9862056
1650216883.2389052,34.44608688354492,61.0,1.0,0.41812101006507874,1650216883.2389052,1650216893.6029272
1650216893.8002203,33.1663703918457,61.0,0.860927164554596,0.4068942368030548,1650216893.8002203,1650216905.1370053
1650216905.4339068,34.87160873413086,61.0,1.0,0.4035671651363373,1650216905.4339068,1650216916.6751437
1650216916.8182726,33.08541488647461,61.0,1.0,0.41885390877723694,1650216916.8182726,1650216927.6085255
1650216927.8485098,32.48976135253906,61.0,1.0,0.4109974801540375,1650216927.8485098,1650216938.8673658
1650216939.1295216,32.75162887573242,61.0,1.0,0.42640143632888794,1650216939.1295216,1650216949.7549477
1650216949.920605,35.21335220336914,61.0,1.0,0.4003203809261322,1650216949.920605,1650216960.7119665
1650216960.796382,33.65330123901367,61.0,0.9862068891525269,0.41522741317749023,1650216960.796382,1650216971.671986
1650216971.7875473,34.41227340698242,61.0,0.9214091897010803,0.36810508370399475,1650216971.7875473,1650216984.2249708
1650216984.4246447,32.82997131347656,61.0,1.0,0.3934447467327118,1650216984.4246447,1650216995.9689734
1650216996.0554595,39.04368209838867,61.0,1.0,0.3952847123146057,1650216996.0554595,1650217006.5052938
1650217006.6243675,31.84041976928711,61.0,1.0,0.4303314685821533,1650217006.6243675,1650217016.800113
1650217016.8950708,33.1151123046875,61.0,0.8481012582778931,0.39777863025665283,1650217016.8950708,1650217028.6419737
1650217028.7710223,33.80745315551758,61.0,1.0,0.386333703994751,1650217028.7710223,1650217040.2773602
1650217040.528346,32.084625244140625,61.0,1.0,0.43113061785697937,1650217040.528346,1650217050.8759813
1650217051.0829935,34.91954803466797,61.0,1.0,0.39840954542160034,1650217051.0829935,1650217062.537895
1650217062.9102292,33.32624816894531,61.0,1.0,0.4319342076778412,1650217062.9102292,1650217072.9323597
1650217073.1184003,38.64731216430664,61.0,1.0,0.3851855993270874,1650217073.1184003,1650217084.0635335
1650217084.2195585,33.74107360839844,61.0,1.0,0.4166666567325592,1650217084.2195585,1650217094.7408595
1650217094.877097,33.13525390625,61.0,1.0,0.43274232745170593,1650217094.877097,1650217105.2587893
1650217105.4842145,34.0521354675293,61.0,1.0,0.3965258002281189,1650217105.4842145,1650217116.9959743
1650217117.1297457,34.27311706542969,61.0,1.0,0.4109974801540375,1650217117.1297457,1650217128.1879756
1650217128.3155236,35.412994384765625,61.0,1.0,0.39968037605285645,1650217128.3155236,1650217139.243716
1650217139.4669416,34.00177764892578,61.0,0.9594594836235046,0.4109974801540375,1650217139.4669416,1650217150.4663663
1650217150.5847414,36.97649002075195,61.0,1.0,0.40555354952812195,1650217150.5847414,1650217160.6451883
1650217160.81058,30.716922760009766,61.0,0.967391312122345,0.42562827467918396,1650217160.81058,1650217172.0096183
1650217172.1508298,35.755741119384766,61.0,0.8256130814552307,0.3691067397594452,1650217172.1508298,1650217184.9319935
1650217185.1278903,35.69124221801758,61.0,1.0,0.376889169216156,1650217185.1278903,1650217197.315754
1650217197.491564,32.4178466796875,61.0,1.0,0.44108107686042786,1650217197.491564,1650217207.7945313
1650217208.0595107,33.995826721191406,61.0,1.0,0.41451334953308105,1650217208.0595107,1650217218.4137232
1650217218.6038465,31.026975631713867,61.0,1.0,0.4303314685821533,1650217218.6038465,1650217229.2719827
1650217229.54493,31.18248748779297,61.0,1.0,0.3892494738101959,1650217229.54493,1650217242.6291976
1650217243.085275,35.55229187011719,61.0,1.0,0.386333703994751,1650217243.085275,1650217254.7019663
1650217254.89849,32.57279586791992,61.0,1.0,0.42796048521995544,1650217254.89849,1650217265.4594507
1650217265.6542654,33.340431213378906,61.0,1.0,0.41451334953308105,1650217265.6542654,1650217276.661922
1650217276.9089732,29.296356201171875,61.0,1.0,0.46028730273246765,1650217276.9089732,1650217287.2515562
1650217287.3794267,32.15742111206055,61.0,1.0,0.42562827467918396,1650217287.3794267,1650217298.0768025
1650217298.2061803,36.89021301269531,61.0,1.0,0.4022589921951294,1650217298.2061803,1650217308.6967676
1650217321.2470279,33.633296966552734,61.0,1.0,0.37113481760025024,1650217321.2470279,1650217334.0319767
1650217334.1562686,33.24528884887695,61.0,0.5807175040245056,0.3348247706890106,1650217334.1562686,1650217349.947979
1650217350.3493545,34.82148361206055,61.0,1.0,0.3646624684333801,1650217350.3493545,1650217363.2724106
1650217363.5336287,32.681129455566406,61.0,0.6721311211585999,0.36961063742637634,1650217363.5336287,1650217376.6910691
1650217377.05926,35.48931884765625,61.0,1.0,0.40824830532073975,1650217377.05926,1650217387.5976417
1650217387.9448164,33.27861022949219,61.0,1.0,0.4343722462654114,1650217387.9448164,1650217398.191639
1650217398.3912156,32.998046875,61.0,1.0,0.41812101006507874,1650217398.3912156,1650217409.3312564
1650217409.6146848,33.615238189697266,61.0,1.0,0.41451334953308105,1650217409.6146848,1650217420.6215975
1650217420.8992472,35.12278366088867,61.0,1.0,0.3886610269546509,1650217420.8992472,1650217431.9177363
1650217432.1898801,34.0041389465332,61.0,1.0,0.42033135890960693,1650217432.1898801,1650217443.0120916
1650217443.527277,35.535423278808594,61.0,1.0,0.39968037605285645,1650217443.527277,1650217454.5585227
1650217454.6683526,32.50933074951172,61.0,1.0,0.3880752623081207,1650217454.6683526,1650217467.2185957
1650217467.71027,37.439517974853516,61.0,1.0,0.40622222423553467,1650217467.71027,1650217477.8599737
1650217478.2757022,34.68315887451172,61.0,1.0,0.37635496258735657,1650217478.2757022,1650217490.615985
1650217491.034689,34.07830047607422,61.0,1.0,0.4048881530761719,1650217491.034689,1650217501.6866288
1650217501.7992098,31.676164627075195,61.0,1.0,0.42796048521995544,1650217501.7992098,1650217512.5959713
1650217512.965943,33.110225677490234,61.0,1.0,0.4016096591949463,1650217512.965943,1650217524.6239727
1650217524.766893,32.07868957519531,61.0,1.0,0.4225771129131317,1650217524.766893,1650217535.8646026
1650217535.9682794,36.00448989868164,61.0,0.8179104328155518,0.386333703994751,1650217535.9682794,1650217547.2724247
1650217547.4012475,33.27104187011719,61.0,1.0,0.40824830532073975,1650217547.4012475,1650217558.4919732
1650217558.651671,36.38071060180664,61.0,1.0,0.3990434408187866,1650217558.651671,1650217568.9868178
1650217569.2016354,33.93645095825195,61.0,1.0,0.4116934835910797,1650217569.2016354,1650217580.2222333
1650217580.4117777,36.46733856201172,61.0,1.0,0.4109974801540375,1650217580.4117777,1650217590.448156
1650217590.583223,34.12152862548828,61.0,1.0,0.41739192605018616,1650217590.583223,1650217601.0165188
1650217601.2794054,31.028879165649414,61.0,1.0,0.3904344141483307,1650217601.2794054,1650217613.8483417
1650217613.9551253,33.07102966308594,61.0,1.0,0.4109974801540375,1650217613.9551253,1650217625.1431649
1650217625.472435,32.536556243896484,61.0,0.692307710647583,0.3922322690486908,1650217625.472435,1650217637.797034
1650217638.170113,31.98663330078125,61.0,1.0,0.41239306330680847,1650217638.170113,1650217649.799971
1650217650.0019894,32.4803352355957,61.0,0.7965116500854492,0.381246417760849,1650217650.0019894,1650217662.8405266
1650217663.211224,31.992271423339844,61.0,1.0,0.37164705991744995,1650217663.211224,1650217676.6519706
1650217676.9968343,36.41239929199219,61.0,0.88165682554245,0.38461539149284363,1650217676.9968343,1650217688.4215138
1650217688.5313683,34.28214645385742,61.0,1.0,0.4009634554386139,1650217688.5313683,1650217699.5575156
1650217699.702088,34.01264953613281,61.0,1.0,0.41959068179130554,1650217699.702088,1650217710.4039884
1650217710.8468428,35.000064849853516,61.0,1.0,0.40622222423553467,1650217710.8468428,1650217721.3325377
1650217721.6649022,35.582576751708984,61.0,0.880398690700531,0.4075695872306824,1650217721.6649022,1650217732.4004931
1650217732.704712,32.13945770263672,61.0,1.0,0.4003203809261322,1650217732.704712,1650217744.5281842
1650217744.8914835,33.84046936035156,61.0,1.0,0.37011659145355225,1650217744.8914835,1650217757.9527678
1650217758.0979116,34.45271301269531,61.0,1.0,0.4210759699344635,1650217758.0979116,1650217768.5179904
1650217768.6760933,34.822837829589844,61.0,1.0,0.39840954542160034,1650217768.6760933,1650217779.818207
1650217780.129508,32.49331283569336,61.0,1.0,0.42640143632888794,1650217780.129508,1650217790.6239755
1650217802.06596,31.7955265045166,61.0,1.0,0.4009634554386139,1650217802.06596,1650217814.0802288
1650217814.5783978,36.288509368896484,61.0,1.0,0.3413943648338318,1650217814.5783978,1650217828.411978
1650217828.5467665,36.851070404052734,61.0,0.5926828980445862,0.34921514987945557,1650217828.5467665,1650217841.4907596
1650217841.762787,35.2209358215332,61.0,0.8616714477539062,0.3795948028564453,1650217841.762787,1650217853.4319835
1650217853.5676613,33.3802375793457,61.0,0.989276111125946,0.36612600088119507,1650217853.5676613,1650217866.8090286
1650217866.998355,35.80060958862305,61.0,1.0,0.4116934835910797,1650217866.998355,1650217877.612699
1650217877.9706213,35.56144714355469,61.0,1.0,0.3886610269546509,1650217877.9706213,1650217888.8531928
1650217889.0057,32.196815490722656,61.0,1.0,0.3880752623081207,1650217889.0057,1650217901.5535254
1650217901.6943266,34.08397674560547,61.0,0.856733500957489,0.3785055875778198,1650217901.6943266,1650217914.0168324
1650217914.261564,35.02352523803711,61.0,1.0,0.4003203809261322,1650217914.261564,1650217925.139966
1650217925.3882556,33.54692077636719,61.0,1.0,0.37424060702323914,1650217925.3882556,1650217938.3253596
1650217938.4751594,33.992156982421875,61.0,1.0,0.42796048521995544,1650217938.4751594,1650217948.6245596
1650217948.7866254,30.51585578918457,61.0,1.0,0.4564354717731476,1650217948.7866254,1650217958.8469694
1650217959.2236013,36.56138610839844,61.0,1.0,0.39777863025665283,1650217959.2236013,1650217970.0547004
1650217970.2540147,36.41421890258789,61.0,1.0,0.39777863025665283,1650217970.2540147,1650217980.7169607
1650217980.9965491,34.85098648071289,61.0,1.0,0.3651483654975891,1650217980.9965491,1650217994.1095212
1650217994.336126,34.47014236450195,61.0,1.0,0.4103049635887146,1650217994.336126,1650218004.8959892
1650218005.0666122,32.381099700927734,61.0,1.0,0.4445542097091675,1650218005.0666122,1650218015.1959777
1650218015.3600066,31.922901153564453,61.0,1.0,0.43602073192596436,1650218015.3600066,1650218026.2612712
1650218026.626429,36.09956359863281,61.0,1.0,0.4029114842414856,1650218026.626429,1650218037.4575849
1650218037.646744,33.78009033203125,61.0,0.678260862827301,0.3806934952735901,1650218037.646744,1650218049.6064515
1650218049.7774029,35.7107048034668,61.0,1.0,0.3322277367115021,1650218049.7774029,1650218064.4228714
1650218064.535466,34.758663177490234,61.0,0.9238578677177429,0.35623523592948914,1650218064.535466,1650218077.970965
1650218078.184873,35.00419616699219,61.0,1.0,0.39405521750450134,1650218078.184873,1650218089.4406664
1650218089.6138022,34.41886901855469,61.0,1.0,0.3851855993270874,1650218089.6138022,1650218101.583981
1650218101.7729871,34.12833786010742,61.0,1.0,0.39405521750450134,1650218101.7729871,1650218113.2004402
1650218113.3097546,34.53657531738281,61.0,1.0,0.41451334953308105,1650218113.3097546,1650218123.588713
1650218123.7505913,33.58618927001953,61.0,1.0,0.39968037605285645,1650218123.7505913,1650218135.3922808
1650218135.646486,35.47520446777344,61.0,1.0,0.3959037959575653,1650218135.646486,1650218146.7810242
1650218146.840611,35.026790618896484,61.0,1.0,0.42796048521995544,1650218146.840611,1650218156.9757106
1650218157.2848132,38.709564208984375,61.0,1.0,0.4035671651363373,1650218157.2848132,1650218167.48901
1650218167.9556878,35.26221466064453,61.0,1.0,0.4210759699344635,1650218167.9556878,1650218178.0798397
1650218178.2677736,31.697364807128906,61.0,1.0,0.4159451723098755,1650218178.2677736,1650218189.1835077
1650218189.4198895,37.62462615966797,61.0,1.0,0.35623523592948914,1650218189.4198895,1650218202.9482636
1650218203.1366513,39.78380584716797,61.0,1.0,0.3959037959575653,1650218203.1366513,1650218213.39208
1650218213.550448,39.895225524902344,61.0,1.0,0.3934447467327118,1650218213.550448,1650218223.6519074
1650218223.7896855,41.326656341552734,61.0,1.0,0.3795948028564453,1650218223.7896855,1650218234.363974
1650218234.6433523,42.55485534667969,61.0,1.0,0.34627169370651245,1650218234.6433523,1650218246.228399
1650218246.4818106,38.94518280029297,61.0,1.0,0.36417850852012634,1650218246.4818106,1650218258.3959925
1650218258.8278325,40.7845573425293,61.0,1.0,0.386333703994751,1650218258.8278325,1650218269.3465192
1650218269.4893632,41.13813400268555,61.0,1.0,0.36612600088119507,1650218269.4893632,1650218280.476736
1650218280.8516555,38.69847869873047,61.0,1.0,0.3922322690486908,1650218280.8516555,1650218291.1879787
1650218291.6064684,36.74430847167969,61.0,1.0,0.3646624684333801,1650218291.6064684,1650218304.0709841
1650218304.2778563,34.3977165222168,61.0,0.973607063293457,0.3829197883605957,1650218304.2778563,1650218316.1972528
1650218316.4496741,37.833038330078125,61.0,1.0,0.3585173785686493,1650218316.4496741,1650218328.951974
1650218329.1137388,31.141990661621094,61.0,1.0,0.4517539441585541,1650218329.1137388,1650218339.4213648
1650218339.723699,38.9631462097168,61.0,1.0,0.4003203809261322,1650218339.723699,1650218349.887149
1650218350.0689664,34.23940658569336,61.0,1.0,0.37904903292655945,1650218350.0689664,1650218362.6568015
1650218363.162551,36.36138153076172,61.0,1.0,0.4035671651363373,1650218363.162551,1650218373.4206874
1650218373.5498106,37.53114700317383,61.0,0.7342105507850647,0.36273813247680664,1650218373.5498106,1650218385.4865625
1650218385.805782,36.41736602783203,61.0,1.0,0.39163023233413696,1650218385.805782,1650218396.377662
1650218396.5512884,34.94777297973633,61.0,1.0,0.41812101006507874,1650218396.5512884,1650218407.2243578
1650218407.4007385,34.90700149536133,61.0,0.6098901033401489,0.3706246614456177,1650218407.4007385,1650218419.9483643
1650218420.0925024,35.11594772338867,61.0,1.0,0.4075695872306824,1650218420.0925024,1650218430.2588236
1650218440.784082,36.06061553955078,61.0,0.97826087474823,0.39405521750450134,1650218440.784082,1650218451.98744
1650218452.3615987,33.54538345336914,61.0,1.0,0.42874646186828613,1650218452.3615987,1650218462.616363
1650218462.738449,36.3967170715332,61.0,1.0,0.3965258002281189,1650218462.738449,1650218473.7009766
1650218473.8144493,32.3838005065918,61.0,1.0,0.42485928535461426,1650218473.8144493,1650218484.9619977
1650218485.1254075,32.97041320800781,61.0,1.0,0.4116934835910797,1650218485.1254075,1650218495.8319762
1650218495.9371383,33.58786392211914,61.0,0.875,0.3857583701610565,1650218495.9371383,1650218507.846202
1650218507.949739,33.31944274902344,61.0,1.0,0.38984057307243347,1650218507.949739,1650218519.894717
1650218520.0362945,30.519506454467773,61.0,0.717717707157135,0.3874921202659607,1650218520.0362945,1650218532.9460704
1650218533.2088492,38.14361572265625,61.0,1.0,0.3539961576461792,1650218533.2088492,1650218545.8715181
1650218546.0959427,33.74679183959961,61.0,0.909967839717865,0.4009634554386139,1650218546.0959427,1650218557.3562722
1650218557.6103895,35.95924377441406,61.0,0.8190184235572815,0.39163023233413696,1650218557.6103895,1650218568.8175216
1650218569.0967534,35.380531311035156,61.0,1.0,0.3904344141483307,1650218569.0967534,1650218580.6285195
1650218580.8276517,37.480812072753906,61.0,1.0,0.381246417760849,1650218580.8276517,1650218591.8999836
1650218592.26145,37.746700286865234,61.0,0.929729700088501,0.36760732531547546,1650218592.26145,1650218604.0240679
1650218604.1278212,37.555233001708984,61.0,1.0,0.4029114842414856,1650218604.1278212,1650218614.619036
1650218614.7262917,38.07782745361328,61.0,1.0,0.3851855993270874,1650218614.7262917,1650218625.5199742
1650218625.694013,31.68670082092285,61.0,1.0,0.42796048521995544,1650218625.694013,1650218636.4240668
1650218636.5229337,35.66097640991211,61.0,1.0,0.386333703994751,1650218636.5229337,1650218647.9359696
1650218648.0810964,37.58351135253906,61.0,1.0,0.3959037959575653,1650218648.0810964,1650218658.4845953
1650218658.6450021,35.6175651550293,61.0,1.0,0.42409446835517883,1650218658.6450021,1650218668.6681464
1650218668.8370872,33.800262451171875,61.0,1.0,0.41309618949890137,1650218668.8370872,1650218679.3399644
1650218679.4404607,36.442047119140625,61.0,1.0,0.40555354952812195,1650218679.4404607,1650218689.9777396
1650218690.1185098,34.502254486083984,61.0,1.0,0.41451334953308105,1650218690.1185098,1650218700.5526106
1650218700.7697413,33.23423767089844,61.0,1.0,0.3851855993270874,1650218700.7697413,1650218712.9559696
1650218713.118994,36.86098098754883,61.0,1.0,0.39405521750450134,1650218713.118994,1650218724.0519645
1650218724.2215514,37.27985382080078,61.0,1.0,0.4022589921951294,1650218724.2215514,1650218734.5488455
1650218734.675044,31.111316680908203,61.0,1.0,0.43685203790664673,1650218734.675044,1650218745.6999714
1650218745.9580708,33.12732696533203,61.0,1.0,0.39968037605285645,1650218745.9580708,1650218757.5497088
1650218757.8353627,33.14485549926758,61.0,1.0,0.41451334953308105,1650218757.8353627,1650218768.9079711
1650218769.0810843,32.49636459350586,61.0,1.0,0.40555354952812195,1650218769.0810843,1650218780.4669726
1650218780.6393445,34.97055435180664,61.0,1.0,0.41959068179130554,1650218780.6393445,1650218790.6763604
1650218790.9255025,32.35666275024414,61.0,1.0,0.4116934835910797,1650218790.9255025,1650218801.9278736
1650218802.2551901,34.730979919433594,61.0,1.0,0.3726779818534851,1650218802.2551901,1650218814.549689
1650218814.6654353,39.61077117919922,61.0,1.0,0.3892494738101959,1650218814.6654353,1650218825.243366
1650218825.3648393,34.5815544128418,61.0,0.7289972901344299,0.36810508370399475,1650218825.3648393,1650218838.5799773
1650218838.7435033,35.76437759399414,61.0,0.5022522807121277,0.3355780243873596,1650218838.7435033,1650218853.5906785
1650218853.8004909,41.36919021606445,61.0,1.0,0.3686048984527588,1650218853.8004909,1650218864.629806
1650218864.7267206,34.51605987548828,61.0,1.0,0.40824830532073975,1650218864.7267206,1650218875.4463685
1650218875.6191225,33.82847213745117,61.0,1.0,0.4159451723098755,1650218875.6191225,1650218886.4679716
1650218886.7709608,34.76919937133789,61.0,1.0,0.3479444980621338,1650218886.7709608,1650218900.7488494
1650218900.991358,31.107009887695312,61.0,1.0,0.44543540477752686,1650218900.991358,1650218911.5034578
1650218911.6598063,34.68841552734375,61.0,1.0,0.4295367896556854,1650218911.6598063,1650218921.691974
1650218921.8245006,36.75238800048828,61.0,1.0,0.4048881530761719,1650218921.8245006,1650218932.1639652
1650218932.3109047,37.673702239990234,61.0,0.9487179517745972,0.3774256706237793,1650218932.3109047,1650218943.4858084
1650218943.614531,34.14931869506836,61.0,1.0,0.4022589921951294,1650218943.614531,1650218954.6249993
1650218954.7792358,34.8186149597168,61.0,1.0,0.3946685194969177,1650218954.7792358,1650218966.238623
1650218966.4246364,35.26897430419922,61.0,1.0,0.3910309374332428,1650218966.4246364,1650218977.4825144
1650218977.670523,33.354576110839844,61.0,0.8028985261917114,0.3806934952735901,1650218977.670523,1650218990.0226517
1650218990.1465585,36.34251403808594,61.0,1.0,0.3818017840385437,1650218990.1465585,1650219001.2079833
1650219001.3152494,35.79159164428711,61.0,1.0,0.36711156368255615,1650219001.3152494,1650219013.9159749
1650219014.075715,31.35928726196289,61.0,1.0,0.3513641953468323,1650219014.075715,1650219028.8719697
1650219029.1806533,37.421913146972656,61.0,1.0,0.36612600088119507,1650219029.1806533,1650219041.659972
1650219041.7552578,35.925846099853516,61.0,0.6017699241638184,0.3325950503349304,1650219041.7552578,1650219056.424362
1650219056.6593475,37.91593551635742,61.0,1.0,0.4022589921951294,1650219056.6593475,1650219067.2090015
1650219067.50606,34.306819915771484,61.0,1.0,0.3706246614456177,1650219067.50606,1650219079.8359702
1650219079.9931443,33.947540283203125,61.0,1.0,0.41380295157432556,1650219079.9931443,1650219090.6271994
1650219090.7807393,36.696537017822266,61.0,1.0,0.37635496258735657,1650219090.7807393,1650219102.8799736
1650219103.2419581,36.443546295166016,61.0,0.7760416865348816,0.3608439266681671,1650219103.2419581,1650219115.699582
1650219115.9840963,36.39405059814453,61.0,1.0,0.3990434408187866,1650219115.9840963,1650219126.2879784
1650219126.439927,36.591346740722656,61.0,1.0,0.4116934835910797,1650219126.439927,1650219136.633594
1650219136.8746636,33.06843185424805,61.0,1.0,0.37011659145355225,1650219136.8746636,1650219150.3013666
1650219150.5562844,32.72550964355469,61.0,1.0,0.3851855993270874,1650219150.5562844,1650219162.3513646
1650219162.606263,36.988677978515625,61.0,1.0,0.3829197883605957,1650219162.606263,1650219173.8799834
1650219174.0417075,38.159236907958984,61.0,1.0,0.3971507251262665,1650219174.0417075,1650219184.3930678
1650219184.8297348,36.817684173583984,61.0,1.0,0.39840954542160034,1650219184.8297348,1650219195.0965402
1650219195.2170238,33.48841094970703,61.0,1.0,0.4035671651363373,1650219195.2170238,1650219206.5940943
1650219206.878762,33.486507415771484,61.0,0.7643678188323975,0.37904903292655945,1650219206.878762,1650219219.3016756
1650219219.540781,33.92308044433594,61.0,1.0,0.41380295157432556,1650219219.540781,1650219230.211982
1650219230.5370064,38.49479675292969,61.0,1.0,0.3971507251262665,1650219230.5370064,1650219240.8241105
1650219241.1061475,35.1612548828125,61.0,0.8178913593292236,0.39968037605285645,1650219241.1061475,1650219252.396984
1650219252.789223,33.82340621948242,61.0,1.0,0.36417850852012634,1650219252.789223,1650219266.0936189
1650219266.2209399,32.13469696044922,61.0,0.9353099465370178,0.36711156368255615,1650219266.2209399,1650219279.9133043
1650219280.1715293,35.98478317260742,61.0,1.0,0.4075695872306824,1650219280.1715293,1650219290.6203907
1650219290.977386,35.09041213989258,61.0,0.7579250931739807,0.3795948028564453,1650219290.977386,1650219302.803979
1650219302.9028091,31.537059783935547,61.0,1.0,0.41239306330680847,1650219302.9028091,1650219314.0959897
1650219314.276051,34.67057800292969,61.0,1.0,0.3656361997127533,1650219314.276051,1650219327.139984
1650219327.2840877,34.60401916503906,61.0,1.0,0.4103049635887146,1650219327.2840877,1650219337.8319955
1650219338.1200116,34.47843933105469,61.0,0.8979057669639587,0.3617872893810272,1650219338.1200116,1650219351.1426427
1650219351.291261,35.72636795043945,61.0,1.0,0.3651483654975891,1650219351.291261,1650219364.0549433
1650219364.1621454,36.07784652709961,61.0,0.7293233275413513,0.3539961576461792,1650219364.1621454,1650219377.1063766
1650219377.2583644,34.55323791503906,61.0,1.0,0.40824830532073975,1650219377.2583644,1650219387.8217738
1650219387.9730165,35.5341911315918,61.0,1.0,0.39163023233413696,1650219387.9730165,1650219398.948361
1650219410.713089,34.095035552978516,60.0,1.0,0.4035671651363373,1650219410.713089,1650219421.7410872
1650219421.9507654,32.164058685302734,60.0,1.0,0.4159451723098755,1650219421.9507654,1650219432.925749
1650219433.2416153,35.3243522644043,60.0,1.0,0.4003203809261322,1650219433.2416153,1650219444.0839937
1650219444.4426231,33.414371490478516,60.0,0.6764705777168274,0.3656361997127533,1650219444.4426231,1650219457.7003922
1650219457.9428704,34.2787971496582,60.0,1.0,0.34299716353416443,1650219457.9428704,1650219472.4999743
1650219472.6276996,33.45560073852539,60.0,1.0,0.42640143632888794,1650219472.6276996,1650219482.8800938
1650219483.0893683,38.76982879638672,60.0,1.0,0.3571428656578064,1650219483.0893683,1650219495.444337
1650219495.6262398,36.46866226196289,60.0,1.0,0.36131468415260315,1650219495.6262398,1650219507.9656014
1650219508.1134868,33.159027099609375,60.0,0.8773006200790405,0.39163023233413696,1650219508.1134868,1650219520.1765666
1650219520.3462489,35.30525588989258,60.0,1.0,0.41380295157432556,1650219520.3462489,1650219530.8262749
1650219530.9962091,34.35736846923828,60.0,1.0,0.41739192605018616,1650219530.9962091,1650219541.3578873
1650219541.564602,33.71367263793945,60.0,1.0,0.3666177988052368,1650219541.564602,1650219554.3783948
1650219578.932008,34.615516662597656,61.0,0.9964664578437805,0.42033135890960693,1650219578.932008,1650219589.3319688
1650219589.536159,37.55672836303711,61.0,1.0,0.34380707144737244,1650219589.536159,1650219602.875979
1650219603.1320682,35.9304084777832,61.0,0.6746666431427002,0.3651483654975891,1650219603.1320682,1650219615.739773
1650219616.0720005,32.90602111816406,61.0,1.0,0.3666177988052368,1650219616.0720005,1650219629.261076
1650219629.4461277,33.55005645751953,61.0,1.0,0.40422603487968445,1650219629.4461277,1650219641.2195804
1650219641.5625815,40.27266311645508,61.0,0.629539966583252,0.3479444980621338,1650219641.5625815,1650219653.6799824
1650219653.7999408,35.7471809387207,61.0,1.0,0.4225771129131317,1650219653.7999408,1650219664.0105367
1650219664.3939407,38.32254409790039,61.0,0.7558441758155823,0.36037498712539673,1650219664.3939407,1650219676.553885
1650219676.7686613,34.91971969604492,61.0,1.0,0.3774256706237793,1650219676.7686613,1650219688.6530643
1650219689.1007864,34.34279251098633,61.0,1.0,0.386333703994751,1650219689.1007864,1650219701.27219
1650219701.664312,33.84747314453125,61.0,0.8344370722770691,0.4068942368030548,1650219701.664312,1650219712.6252484
1650219712.7386246,33.495849609375,61.0,1.0,0.42033135890960693,1650219712.7386246,1650219723.2175345
1650219723.3258128,36.1347541809082,61.0,1.0,0.41239306330680847,1650219723.3258128,1650219734.00805
1650219734.369685,34.71223831176758,61.0,1.0,0.4103049635887146,1650219734.369685,1650219745.1439826
1650219745.2767074,34.053836822509766,61.0,1.0,0.41812101006507874,1650219745.2767074,1650219755.8188376
1650219755.9644089,34.85572814941406,61.0,1.0,0.3934447467327118,1650219755.9644089,1650219767.3255253
1650219767.3942883,31.827213287353516,61.0,0.815047025680542,0.3959037959575653,1650219767.3942883,1650219779.6165335
1650219779.8454611,36.16200637817383,61.0,1.0,0.3965258002281189,1650219779.8454611,1650219790.630261
1650219790.7585864,35.40076446533203,61.0,1.0,0.4003203809261322,1650219790.7585864,1650219801.6058092
1650219801.903083,35.58619689941406,61.0,1.0,0.39163023233413696,1650219801.903083,1650219812.6375828
1650219812.7829792,37.862735748291016,61.0,1.0,0.34340140223503113,1650219812.7829792,1650219825.8301077
1650219826.3303723,38.774024963378906,61.0,1.0,0.3686048984527588,1650219826.3303723,1650219837.7555468
1650219837.9536595,34.64337158203125,61.0,1.0,0.3946685194969177,1650219837.9536595,1650219848.8359725
1650219849.1205049,33.923892974853516,61.0,1.0,0.43113061785697937,1650219849.1205049,1650219859.1724167
1650219859.336676,34.25885772705078,61.0,1.0,0.4319342076778412,1650219859.336676,1650219869.4070644
1650219869.624757,34.87123107910156,61.0,1.0,0.4159451723098755,1650219869.624757,1650219879.8624225
1650219880.0223851,33.6727180480957,61.0,1.0,0.3910309374332428,1650219880.0223851,1650219891.6935549
1650219891.860921,34.761199951171875,61.0,1.0,0.39840954542160034,1650219891.860921,1650219903.3680036
1650219903.5743742,36.53242492675781,61.0,1.0,0.4103049635887146,1650219903.5743742,1650219914.0582118
1650219914.1933916,35.033851623535156,61.0,0.8855586051940918,0.3691067397594452,1650219914.1933916,1650219926.609954
1650219926.8566628,34.201995849609375,61.0,1.0,0.3795948028564453,1650219926.8566628,1650219938.931981
1650219939.304058,37.68927001953125,61.0,1.0,0.39840954542160034,1650219939.304058,1650219949.6783633
1650219949.8934255,34.307762145996094,61.0,1.0,0.3971507251262665,1650219949.8934255,1650219961.2028196
1650219961.3542843,33.99526596069336,61.0,0.6783784031867981,0.36760732531547546,1650219961.3542843,1650219974.562006
1650219974.7612715,31.80307388305664,61.0,1.0,0.43274232745170593,1650219974.7612715,1650219985.6092794
1650219985.7801669,33.0394287109375,61.0,1.0,0.41959068179130554,1650219985.7801669,1650219996.1919694
1650219996.2998264,39.15056610107422,61.0,1.0,0.3851855993270874,1650219996.2998264,1650220007.2575223
1650220007.4135146,36.962825775146484,61.0,1.0,0.3934447467327118,1650220007.4135146,1650220017.9917107
1650220018.102497,37.643943786621094,61.0,0.7473903894424438,0.32308533787727356,1650220018.102497,1650220032.686517
1650220032.8103824,36.522621154785156,61.0,1.0,0.3823595643043518,1650220032.8103824,1650220043.981541
1650220044.0645127,33.1502799987793,61.0,1.0,0.43768811225891113,1650220044.0645127,1650220054.3208368
1650220054.5001166,34.75717544555664,61.0,1.0,0.3726779818534851,1650220054.5001166,1650220066.756579
1650220067.2045383,36.858070373535156,61.0,1.0,0.34627169370651245,1650220067.2045383,1650220080.4445152
1650220080.6491675,35.04800033569336,61.0,1.0,0.4109974801540375,1650220080.6491675,1650220091.5199733
1650220091.7695959,35.64911651611328,61.0,1.0,0.4225771129131317,1650220091.7695959,1650220101.8399715
1650220102.021497,32.697017669677734,61.0,1.0,0.37113481760025024,1650220102.021497,1650220115.0196245
1650220115.188123,30.059675216674805,61.0,1.0,0.44632184505462646,1650220115.188123,1650220125.8668811
1650220126.0248914,39.111507415771484,61.0,1.0,0.3818017840385437,1650220126.0248914,1650220136.9679623
1650220137.1703124,36.7791748046875,61.0,1.0,0.3946685194969177,1650220137.1703124,1650220147.8285177
1650220148.0400453,30.718292236328125,61.0,1.0,0.4472135901451111,1650220148.0400453,1650220158.3596294
1650220158.4604003,33.49327087402344,61.0,1.0,0.41959068179130554,1650220158.4604003,1650220169.3879685
1650220169.569994,33.35816192626953,61.0,1.0,0.41739192605018616,1650220169.569994,1650220180.3319783
1650220180.5910168,36.51727294921875,61.0,1.0,0.39968037605285645,1650220180.5910168,1650220191.0792043
1650220191.1861928,34.146385192871094,61.0,1.0,0.42033135890960693,1650220191.1861928,1650220201.319037
1650220201.4808307,31.738868713378906,61.0,1.0,0.4029114842414856,1650220201.4808307,1650220213.2959964
1650220213.420762,36.583580017089844,61.0,1.0,0.38461539149284363,1650220213.420762,1650220224.627976
1650220224.7191312,32.880035400390625,61.0,0.9106529355049133,0.41451334953308105,1650220224.7191312,1650220235.54637
1650220235.7454379,34.69581985473633,61.0,1.0,0.40961596369743347,1650220235.7454379,1650220246.1213272
1650220246.5166817,34.823909759521484,61.0,0.9051490426063538,0.36810508370399475,1650220246.5166817,1650220259.3239741
1650220259.5934339,34.89999008178711,61.0,1.0,0.3758230209350586,1650220259.5934339,1650220271.2839816
1650220271.397318,33.38401412963867,61.0,1.0,0.4303314685821533,1650220271.397318,1650220281.4919693
1650220281.7287376,33.183589935302734,61.0,0.7202380895614624,0.3857583701610565,1650220281.7287376,1650220294.0239718
1650220294.214947,35.59947967529297,61.0,1.0,0.4159451723098755,1650220294.214947,1650220304.3836353
1650220304.4965801,35.21659851074219,61.0,1.0,0.4233337640762329,1650220304.4965801,1650220314.6338456
1650220314.8079176,35.88770294189453,61.0,1.0,0.42796048521995544,1650220314.8079176,1650220325.0621262
1650220325.245942,37.711936950683594,61.0,1.0,0.3971507251262665,1650220325.245942,1650220335.693562
1650220335.9097831,33.15860366821289,61.0,1.0,0.43768811225891113,1650220335.9097831,1650220346.1635318
1650220346.2459683,36.14220428466797,61.0,1.0,0.4048881530761719,1650220346.2459683,1650220356.42797
1650220356.6065874,34.9857177734375,61.0,0.997183084487915,0.3752933144569397,1650220356.6065874,1650220368.4399881
1650220368.5324838,36.599369049072266,61.0,1.0,0.42182454466819763,1650220368.5324838,1650220378.559979
1650220378.8188956,35.7443733215332,61.0,0.8527131676673889,0.3594425916671753,1650220378.8188956,1650220391.7719836
1650220391.994134,35.13205337524414,61.0,1.0,0.41959068179130554,1650220391.994134,1650220402.4119713
1650220402.6465642,33.87258529663086,61.0,0.9528301954269409,0.3965258002281189,1650220402.6465642,1650220413.894598
1650220414.155047,35.32545852661133,61.0,1.0,0.40961596369743347,1650220414.155047,1650220424.5724628
1650220424.9537344,33.551109313964844,61.0,1.0,0.3834824860095978,1650220424.9537344,1650220437.2931173
1650220437.4519224,37.89369583129883,61.0,0.864935040473938,0.36037498712539673,1650220437.4519224,1650220449.511976
1650220449.6110451,32.955013275146484,61.0,1.0,0.43274232745170593,1650220449.6110451,1650220459.746074
1650220459.873536,34.96813201904297,61.0,1.0,0.4068942368030548,1650220459.873536,1650220470.711976
1650220470.8151057,33.50362014770508,61.0,1.0,0.3752933144569397,1650220470.8151057,1650220482.9928937
1650220483.1166747,34.21159362792969,61.0,1.0,0.4335549771785736,1650220483.1166747,1650220493.2302055
1650220493.4275405,38.636043548583984,61.0,1.0,0.3726779818534851,1650220493.4275405,1650220504.6605747
1650220504.7819083,37.34928894042969,61.0,1.0,0.3539961576461792,1650220504.7819083,1650220517.419365
1650220517.5728707,34.23278045654297,61.0,1.0,0.359907865524292,1650220517.5728707,1650220531.2439783
1650220531.4598832,35.133113861083984,61.0,1.0,0.41959068179130554,1650220531.4598832,1650220541.6212368
1650220541.7058692,33.11852264404297,61.0,1.0,0.4075695872306824,1650220541.7058692,1650220552.5155303
1650220552.6393836,32.57029342651367,61.0,1.0,0.3706246614456177,1650220552.6393836,1650220565.688084
1650220565.9062884,33.57775115966797,61.0,1.0,0.3892494738101959,1650220565.9062884,1650220577.6104665
1650220577.6812336,33.74737548828125,61.0,1.0,0.42409446835517883,1650220577.6812336,1650220588.407994
1650220588.5794666,33.63733673095703,61.0,1.0,0.41380295157432556,1650220588.5794666,1650220599.28186
1650220599.5629709,39.59550857543945,61.0,1.0,0.37216147780418396,1650220599.5629709,1650220610.650087
1650220610.7420971,38.04169464111328,61.0,0.77625572681427,0.33786869049072266,1650220610.7420971,1650220624.385022
1650220624.4525726,35.86586380004883,61.0,1.0,0.40824830532073975,1650220624.4525726,1650220634.8524337
1650220635.0179968,35.80219268798828,61.0,1.0,0.381246417760849,1650220635.0179968,1650220646.9167094
1650220647.209281,35.45721435546875,61.0,1.0,0.39840954542160034,1650220647.209281,1650220657.587987
1650220657.7551978,34.657432556152344,61.0,1.0,0.4089304208755493,1650220657.7551978,1650220668.6330955
1650220668.6983063,32.92206573486328,61.0,1.0,0.41309618949890137,1650220668.6983063,1650220679.2079747
1650220679.2941647,35.010955810546875,61.0,0.8617886304855347,0.36810508370399475,1650220679.2941647,1650220691.775972
1650220691.9818275,31.329484939575195,61.0,1.0,0.4233337640762329,1650220691.9818275,1650220702.7703867
1650220702.885974,34.78916931152344,61.0,1.0,0.4159451723098755,1650220702.885974,1650220713.4639783
1650220713.571013,35.31380081176758,61.0,1.0,0.39968037605285645,1650220713.571013,1650220724.6148536
1650220724.7571511,34.09492492675781,61.0,0.7102563977241516,0.35805743932724,1650220724.7571511,1650220737.8969362
1650220738.0007145,37.14263916015625,61.0,1.0,0.40422603487968445,1650220738.0007145,1650220748.1776972
1650220748.3848119,33.53813552856445,61.0,1.0,0.4225771129131317,1650220748.3848119,1650220758.522525
1650220758.6468945,33.426177978515625,61.0,1.0,0.42409446835517883,1650220758.6468945,1650220769.0279796
1650220769.2862165,36.66875457763672,61.0,1.0,0.37904903292655945,1650220769.2862165,1650220780.3855846
1650220780.556513,33.69316482543945,61.0,1.0,0.41739192605018616,1650220780.556513,1650220790.7959788
1650220790.9084096,34.2609977722168,61.0,1.0,0.41380295157432556,1650220790.9084096,1650220801.4159846
1650220801.588761,38.93898391723633,61.0,1.0,0.35623523592948914,1650220801.588761,1650220813.735971
1650220813.908016,36.85902786254883,61.0,1.0,0.41451334953308105,1650220813.908016,1650220823.9733925
1650220824.1296666,33.35028076171875,61.0,1.0,0.42874646186828613,1650220824.1296666,1650220834.5643613
1650220834.6858215,34.097076416015625,61.0,0.8765432238578796,0.3513641953468323,1650220834.6858215,1650220848.6459632
1650220848.828607,34.962059020996094,61.0,0.7844311594963074,0.38691163063049316,1650220848.828607,1650220860.584207
1650220860.7911038,36.25105667114258,61.0,1.0,0.3971507251262665,1650220860.7911038,1650220871.7976792
1650220871.9784026,33.466304779052734,61.0,1.0,0.4159451723098755,1650220871.9784026,1650220882.6159682
1650220882.7381973,31.142005920410156,61.0,1.0,0.4075695872306824,1650220882.7381973,1650220894.5229228
1650220894.764986,39.46518325805664,61.0,0.6984127163887024,0.33671751618385315,1650220894.764986,1650220908.675982
1650220908.8487954,34.19820785522461,61.0,1.0,0.4233337640762329,1650220908.8487954,1650220918.9662845
1650220919.1376646,33.26949691772461,61.0,1.0,0.4225771129131317,1650220919.1376646,1650220929.7479844
1650220929.9243503,33.36148452758789,61.0,1.0,0.42874646186828613,1650220929.9243503,1650220940.4154897
1650220940.568925,36.43367004394531,61.0,1.0,0.36810508370399475,1650220940.568925,1650220952.6456664
1650220952.796596,32.365150451660156,61.0,1.0,0.386333703994751,1650220952.796596,1650220965.031979
1650220965.2332964,35.163211822509766,61.0,1.0,0.35623523592948914,1650220965.2332964,1650220978.6279776
1650220978.7823083,37.05982971191406,61.0,1.0,0.4116934835910797,1650220978.7823083,1650220989.0090146
1650220989.1845484,31.960006713867188,61.0,1.0,0.44632184505462646,1650220989.1845484,1650220999.3535075
1650220999.571194,37.66728973388672,61.0,1.0,0.3910309374332428,1650220999.571194,1650221010.482518
1650221010.6076684,33.382080078125,61.0,1.0,0.41380295157432556,1650221010.6076684,1650221021.3319848
1650221021.5016074,35.28606414794922,61.0,0.6109725832939148,0.35311228036880493,1650221021.5016074,1650221034.906333
1650221035.0218723,34.95213317871094,61.0,1.0,0.39405521750450134,1650221035.0218723,1650221046.637759
1650221046.8770661,35.759700775146484,61.0,1.0,0.41239306330680847,1650221046.8770661,1650221057.1679802
1650221057.242479,34.0040397644043,61.0,1.0,0.41380295157432556,1650221057.242479,1650221067.9470892
1650221068.0973718,35.88126754760742,61.0,1.0,0.4009634554386139,1650221068.0973718,1650221078.6599867
1650221078.7987103,35.879180908203125,61.0,1.0,0.41309618949890137,1650221078.7987103,1650221088.8323846
1650221089.0008988,34.62203598022461,61.0,1.0,0.4003203809261322,1650221089.0008988,1650221100.2365177
1650221100.415179,36.71354293823242,61.0,1.0,0.40422603487968445,1650221100.415179,1650221110.4659657
1650221110.745647,35.1193962097168,61.0,1.0,0.3806934952735901,1650221110.745647,1650221122.875696
1650221122.9694245,33.99940490722656,61.0,1.0,0.41522741317749023,1650221122.9694245,1650221133.8519678
1650221133.9886813,37.22330093383789,61.0,1.0,0.4166666567325592,1650221133.9886813,1650221144.1167462
1650221144.6713986,37.06041717529297,61.0,1.0,0.3544405996799469,1650221144.6713986,1650221157.5692568
1650221157.724543,33.563621520996094,61.0,0.9834437370300293,0.4068942368030548,1650221157.724543,1650221168.6292062
